0.0751290000
0.0770730000
0.0693150000
0.0751340000
0.0771660000
0.0708100000
0.0749980000
0.0747950000
0.0688620000
0.0792780000
0.0991510000
0.1041090000
0.0962790000
0.0766120000
0.0772790000
0.0805310000
0.0983530000
0.0658180000
0.0788740000
0.0954780000
0.0915760000
0.0958490000
0.0958360000
0.0947540000
0.0815200000
0.0982130000
0.0815210000
0.0765460000
0.0798040000
0.1100050000
0.0787620000
0.0737920000
0.0827240000
0.0806160000
0.0755120000
0.0823410000
0.0799910000
0.0730950000
0.0801580000
0.0841570000
0.0806300000
0.0794510000
0.0723930000
0.0502070000
0.0881830000
0.0804190000
0.0770840000
0.0763010000
0.0815180000
0.0741000000
0.0796510000
0.0847640000
0.0786240000
0.0822970000
0.0776330000
0.0745330000
0.0798670000
0.0820760000
0.0750260000
0.0829910000
0.0816420000
0.0764050000
0.0842250000
0.0819190000
0.0692790000
0.0848870000
0.0786950000
0.0826440000
0.0800920000
0.0790620000
0.0765450000
0.0841200000
0.0816410000
0.0828560000
