0.1084550000
0.0860370000
0.1111750000
0.1026410000
0.1063280000
0.1051400000
0.1153380000
0.1046880000
0.1114840000
0.1015340000
0.1108320000
0.1042540000
0.1096790000
0.1093590000
0.1194040000
0.1111840000
0.1151720000
0.1102450000
0.1151590000
0.1084100000
0.1168240000
0.1157090000
0.1169980000
0.1169810000
0.1072520000
0.1160280000
0.1083940000
0.1094050000
0.1224220000
0.1075590000
0.0983290000
0.0527470000
0.0845050000
0.1102470000
0.0799770000
0.1082410000
0.1184890000
0.1031580000
0.1100380000
0.1135830000
0.1115390000
0.1092320000
0.1093810000
0.1053830000
0.1160120000
0.1120700000
0.1135550000
0.1062340000
0.1109070000
0.1058940000
0.1174840000
0.1094310000
0.1123040000
0.1133110000
0.1190220000
0.1088820000
0.1211460000
0.1132080000
0.1158410000
0.1031920000
0.1127510000
0.1062190000
0.1178550000
0.1082130000
0.1153610000
0.1140700000
0.1116700000
0.1183820000
0.1112030000
0.1016370000
0.1185270000
0.1007210000
0.1123780000
0.1057100000
0.1145410000
0.1101810000
0.1252580000
0.1102710000
0.1081100000
0.1080920000
0.1081780000
0.1078810000
0.1129460000
0.1098930000
0.1133080000
0.1098500000
0.0817500000
0.0975880000
0.1106370000
0.1104870000
0.1086490000
0.1082200000
0.1086070000
0.1188130000
0.1107910000
0.0985070000
0.1095270000
0.1054460000
0.1073080000
0.1055590000
0.1095850000
0.0965890000
0.1118650000
0.1115300000
0.0985260000
0.1012260000
0.1115620000
