0.1167990000
0.1118150000
0.1163590000
0.0947490000
0.1121730000
0.1130370000
0.1147570000
0.1044730000
0.1147740000
0.1096780000
0.1132400000
0.1073520000
0.1178480000
0.1205200000
0.1051670000
0.1030800000
0.1084790000
0.0801850000
0.1027410000
0.1173210000
0.0922570000
0.1100000000
0.0786540000
0.1119440000
0.1016210000
0.1120760000
0.1040080000
0.1131420000
0.1012640000
0.1070020000
0.1072590000
0.1032790000
0.1095920000
0.1060080000
0.1041540000
0.1174750000
0.1081510000
0.1096430000
0.1098950000
0.1111060000
0.1071280000
0.1110820000
0.1070460000
0.1127020000
0.1054730000
0.1059630000
0.1036940000
0.1080980000
0.1019570000
0.1076790000
0.0919470000
0.1121850000
0.1055590000
0.1062350000
0.1057220000
0.1097170000
0.1072100000
0.1080740000
0.1090790000
0.1113740000
0.1042820000
0.1070550000
0.1077820000
0.1088330000
0.1055370000
0.1081480000
0.0999700000
0.1097830000
0.1032230000
0.1191780000
0.0960030000
0.1074300000
0.1117440000
0.1119770000
0.1074340000
0.1145860000
0.1095020000
0.1108650000
0.1042840000
0.1142420000
0.1048780000
0.1105250000
0.1082320000
0.1059570000
0.1045100000
0.1126880000
0.1102000000
0.1092910000
0.1031810000
0.1139240000
0.1065840000
0.1107150000
0.1049870000
0.1056640000
0.1064710000
0.1066620000
0.1059490000
0.1098500000
0.1082700000
0.1108670000
0.1074940000
0.1165790000
0.1072820000
0.1110600000
0.1052510000
0.1091460000
0.1076950000
0.1123460000
0.1044890000
0.1109560000
0.1007630000
0.1157000000
0.1020220000
0.1063810000
0.1076030000
0.1473540000
0.1102300000
0.1150520000
0.1056800000
0.1291570000
0.1298120000
0.1360630000
0.1360670000
0.1124070000
0.1074120000
0.1398220000
0.1286880000
0.1150880000
0.1034830000
0.1156680000
0.1161010000
0.1164340000
0.1143750000
0.1227800000
0.1024960000
0.1165740000
0.1052870000
0.1135560000
0.1141460000
0.1128880000
0.1080180000
0.1154130000
0.1100950000
0.1136330000
0.1101280000
0.1147920000
0.1107620000
0.1148340000
0.1050570000
0.1111130000
0.1047720000
0.1121340000
0.1049930000
0.1199180000
0.1105270000
0.1103980000
0.1045680000
0.1117030000
0.1071760000
0.1155250000
0.1006620000
0.1103870000
0.1094450000
0.1076410000
0.1043050000
0.1109640000
0.1407700000
0.1120230000
0.1007780000
0.1124850000
0.1000900000
0.1165460000
0.1047780000
0.1138250000
0.1232570000
0.1438760000
0.1105850000
0.1116460000
0.1114970000
0.1106380000
0.1044600000
0.1134860000
0.1093360000
0.1157990000
0.1106880000
0.1122700000
0.1055940000
0.1103340000
0.1025840000
0.1165680000
0.1072420000
0.1121400000
0.1123890000
0.1122730000
0.1095760000
0.1071070000
0.1056910000
0.1165750000
0.1021080000
0.1109130000
0.1050160000
0.1162120000
0.1035390000
0.1150540000
0.1029210000
0.1155160000
0.1058190000
0.1098860000
0.1109770000
0.1141110000
0.1075290000
0.1135220000
0.1108510000
0.1127650000
0.1088520000
0.1145970000
0.0993790000
0.1119860000
0.1078600000
0.1113580000
0.1097170000
0.1134450000
0.1028400000
0.1153710000
0.1012700000
0.1145340000
0.1095260000
0.1156090000
0.1068240000
0.1188640000
0.1135480000
0.1112290000
0.1070130000
0.1165070000
0.1125300000
0.1140550000
0.1097910000
0.1102020000
0.1142010000
0.1156000000
0.1083040000
0.1158650000
0.1150230000
