0.1260680000
0.1181060000
0.1233780000
0.1232160000
0.1189500000
0.1220950000
0.1231240000
0.1224500000
0.1233150000
0.1211170000
0.1216070000
0.1165350000
0.1239520000
0.1216670000
0.1199200000
0.1196700000
0.1173430000
0.1195040000
0.1228890000
0.1167770000
0.1182510000
0.1207120000
0.1144010000
0.1215540000
0.1235030000
0.1221190000
0.1249270000
0.1233700000
0.1203070000
0.1198230000
0.1207990000
0.1164750000
0.1203580000
0.1260050000
0.1215480000
0.1266840000
0.1251910000
0.1284910000
0.1289470000
0.1298320000
0.1320330000
0.1295620000
0.1222610000
0.1263570000
0.1262690000
0.1280470000
0.1223930000
0.1210840000
0.1282020000
0.1249120000
0.1207240000
0.1249060000
0.1207090000
0.1229120000
0.1266840000
0.1242150000
0.1214240000
0.1242800000
0.1223880000
0.1200070000
0.1241720000
0.1182340000
0.1164550000
0.1194590000
0.1197700000
0.1162160000
0.1207500000
0.1194760000
0.1204680000
0.1198400000
0.1189260000
0.1184160000
0.1199370000
0.1192470000
0.1213800000
0.1200240000
0.1219490000
0.1198020000
0.1212730000
0.1246370000
0.1205780000
0.1237000000
0.1271010000
0.1194290000
0.1232140000
0.1232830000
0.1189280000
0.1187510000
0.1210020000
0.1234210000
0.1210070000
0.1210070000
0.1193780000
0.1228690000
0.1235570000
0.1244140000
0.1191460000
0.1227160000
0.1197280000
0.1208640000
0.1217370000
0.1233590000
0.1174940000
0.1178040000
0.1131490000
0.1189190000
0.1193400000
0.1150250000
0.1186160000
0.1103110000
0.1191190000
0.1173790000
0.1182980000
0.1135040000
0.1194470000
0.1150640000
0.1188280000
0.1177680000
0.1167610000
0.1149680000
0.1152090000
0.1164530000
0.1160000000
0.1129950000
0.1136740000
0.1124730000
0.1180760000
0.1152500000
0.1192710000
0.1216060000
0.1190540000
0.1171300000
0.1172830000
0.1186210000
0.1188010000
0.1199140000
0.1207950000
0.1249630000
0.1182340000
0.1181330000
0.1205700000
0.1188430000
0.1248080000
0.1169570000
0.1184530000
0.1221960000
0.1151890000
0.1210710000
0.1162980000
