0.4661150000
0.4996520000
0.5044450000
0.5134770000
0.4766160000
0.5093560000
0.4964590000
0.4385780000
0.5107840000
0.4795820000
0.4835250000
0.4731260000
0.4831240000
0.4907560000
0.4755350000
0.4593700000
0.4520230000
0.4618010000
0.4684950000
0.4850990000
0.5151330000
0.4966020000
0.5071850000
0.5181510000
0.4923320000
0.4760360000
0.4594290000
0.4582660000
0.4710100000
0.4903840000
0.4741400000
0.4591560000
0.4605620000
0.4622930000
0.4616770000
0.4613170000
0.4604390000
0.4554520000
0.4762170000
0.4725280000
0.5007880000
0.4875670000
0.4614570000
0.4829430000
0.4570450000
0.4752320000
0.4807060000
0.4522290000
0.4789610000
0.4973450000
0.4673640000
0.5041230000
0.4814890000
0.5047030000
0.4660680000
0.4931050000
0.4772010000
0.4586380000
0.4813410000
0.4657130000
0.4758850000
0.4862600000
0.4875620000
0.4723430000
0.5014900000
0.4961200000
0.5295950000
0.5937430000
0.6253020000
0.4819100000
0.4752600000
0.4806770000
0.4691670000
0.4952880000
0.4623070000
0.4584450000
0.4671490000
0.4818540000
0.4946490000
0.4828430000
0.4939860000
0.4718860000
0.4523780000
0.4659240000
0.4500160000
0.4692170000
0.4732550000
0.5170160000
0.4880050000
0.4608050000
0.4697100000
0.4739110000
0.5023250000
0.4740500000
0.4758790000
0.4693350000
0.4905230000
0.4945310000
0.4598350000
0.4819960000
0.4783690000
0.4950410000
0.4657410000
0.4756430000
0.4676730000
0.4731340000
0.4660130000
0.4728320000
0.4753750000
0.4673370000
0.4770870000
0.4699360000
0.4529290000
0.4560420000
0.4646640000
0.4590230000
0.4723120000
0.4864870000
0.4720110000
0.4659310000
0.4718320000
0.4887320000
0.4804710000
0.4955710000
0.4948990000
0.4848400000
0.4832610000
0.4743580000
0.4696140000
0.5050550000
0.4869290000
0.4684030000
0.4690750000
0.6324470000
0.5068590000
0.4761240000
0.5139180000
0.5098290000
0.4581060000
0.4793460000
0.4914080000
0.4766510000
0.4485280000
0.4771130000
0.4581800000
0.4938910000
0.4838170000
0.5010620000
0.4660040000
0.6253430000
0.4943320000
0.5618760000
0.6243190000
0.6008710000
0.5042990000
0.4975520000
0.4809650000
0.4899280000
0.5067530000
0.4996010000
0.4924770000
0.4911220000
0.5083820000
0.4969720000
0.4465460000
0.4739070000
0.4814230000
0.4786610000
0.5037820000
0.4877260000
0.4851380000
0.5126330000
0.4715940000
0.4957320000
0.4777890000
0.4790100000
0.4779720000
0.5099600000
0.4562850000
0.4680160000
0.4825380000
0.5070440000
0.4924490000
0.5030960000
0.4860790000
0.4843370000
0.4752320000
