0.4647310000
0.4670230000
0.4796230000
0.5079160000
0.4692700000
0.4661220000
0.4572730000
0.4716960000
0.4611320000
0.4823200000
0.4903170000
0.4288080000
0.4678480000
0.4774850000
0.4656350000
0.4583960000
0.4602960000
0.4828030000
0.4725840000
0.4717480000
0.4828520000
0.4660020000
0.4920160000
0.4683500000
0.5046860000
0.4814920000
0.4831980000
0.4667940000
0.4843070000
0.4830850000
0.4755900000
0.4688610000
0.5032150000
0.5176190000
0.4724710000
0.4689510000
0.4570700000
0.4643790000
0.4830040000
0.5080820000
0.4939490000
0.4464200000
0.4958230000
0.4805240000
0.5011730000
0.4910710000
0.5352990000
0.4923800000
0.4700450000
0.4805150000
0.5225280000
0.5088440000
0.5179500000
0.5183170000
0.4790650000
0.5328100000
0.5055990000
0.4793210000
0.4682110000
0.4932890000
0.5181560000
0.4661120000
0.4597570000
0.5030780000
0.4840780000
0.4948270000
0.4469170000
0.5030930000
0.4813790000
0.4777970000
0.4870520000
0.5246200000
0.4708500000
0.4725120000
0.4747960000
0.5071260000
0.4974030000
0.4921300000
0.4683510000
0.4602400000
0.4656040000
0.4637290000
0.5025750000
0.4689780000
0.5065900000
0.4910500000
0.4840790000
0.4763740000
0.4801070000
0.4657750000
0.4964120000
0.4874530000
0.4885370000
0.4975530000
0.5015750000
0.4812410000
0.4632600000
0.4969420000
0.4788560000
0.4950260000
