0.1164030000
0.1133510000
0.1153580000
0.1090660000
0.1113610000
0.1026950000
0.1169600000
0.1078260000
0.1139410000
0.1082530000
0.1168370000
0.1097840000
0.1142090000
0.0981110000
0.1122940000
0.0995790000
0.1150390000
0.1099300000
0.1129740000
0.1765080000
0.1351400000
0.1586970000
0.1679700000
0.1955820000
0.1579380000
0.1649970000
0.1655270000
0.1778050000
0.1680540000
0.1492390000
0.1795130000
0.1212680000
0.1238210000
0.1190000000
0.1279630000
0.1210450000
0.1290540000
0.1171650000
0.1312150000
0.1158330000
0.1196560000
0.1193640000
0.1216320000
0.1290820000
0.1194700000
0.1349340000
0.1698930000
0.1271690000
0.1533580000
0.1524980000
0.1636420000
0.1644190000
0.1524980000
0.1534840000
0.1507990000
0.1400830000
0.1439080000
0.0997280000
0.1223320000
0.1094600000
0.1180250000
0.1093270000
0.1093930000
0.1163070000
0.1281290000
0.1055660000
0.1172510000
0.1228510000
0.1037300000
0.1238940000
0.1239420000
0.1141730000
0.1116380000
0.1147350000
0.1086770000
0.1126650000
0.1128130000
0.1072190000
0.1118530000
0.1014280000
0.1038520000
0.1054220000
0.1111940000
0.1070660000
0.1051420000
0.1003470000
0.1155990000
0.1165800000
0.1137770000
0.1105240000
0.1121790000
0.1046810000
0.1203770000
0.1203220000
0.1183240000
0.1102500000
0.1178940000
0.1175630000
0.1177090000
0.1287570000
0.1152140000
0.1101450000
0.1227890000
0.1022290000
0.1045280000
0.1049260000
0.1160390000
0.1116150000
0.1097800000
0.1116630000
0.1139240000
0.1062500000
0.1153580000
0.1128600000
0.1133220000
0.1111960000
0.1130120000
0.1018520000
0.1109940000
0.1094330000
0.1198710000
0.1025360000
0.1167020000
0.1150160000
0.1278730000
0.1121980000
0.1228620000
0.1168460000
0.1211790000
0.1168250000
