0.3110070000
0.3093090000
0.3170410000
0.2974480000
0.3021450000
0.3058500000
0.3045850000
0.3045850000
0.3030500000
0.3026790000
0.2972900000
0.2987900000
0.3156440000
0.3169550000
0.3228220000
0.3180610000
0.3208640000
0.3259660000
0.3206120000
0.3125700000
0.3217090000
0.3330230000
0.3339960000
0.3346000000
0.3266560000
0.3329720000
0.3352280000
0.3222500000
0.3208390000
0.3122890000
0.3064760000
0.3193480000
0.3106570000
0.3161060000
0.3078490000
0.3106740000
0.3106740000
0.3168810000
0.3100880000
0.3137730000
0.2774670000
0.3107150000
0.3107150000
0.3091250000
0.3076840000
0.3183040000
0.3028360000
0.2959840000
0.3033340000
0.2981100000
0.2913450000
0.2837400000
0.3206430000
0.3079630000
0.3238840000
0.3155390000
0.3197200000
0.3197200000
0.3137920000
0.3130720000
0.3170120000
0.3054400000
0.3120940000
0.3133740000
0.2910740000
0.3029840000
0.3101480000
0.3147970000
0.3207840000
0.3156580000
0.2901950000
0.2997250000
0.3081170000
