0.0810280000
0.0750600000
0.0790170000
0.0772570000
0.0822070000
0.0809190000
0.0836820000
0.0814720000
0.0815170000
0.0829720000
0.0862310000
0.0823830000
0.0834160000
0.0765600000
0.0837080000
0.0794290000
0.0772790000
0.0801810000
0.0791260000
0.0655310000
0.0625240000
0.0767610000
0.0731510000
0.0723290000
0.0797360000
0.0726820000
0.0786850000
0.0788200000
0.0732940000
0.0771680000
0.0777350000
0.0728240000
0.0749420000
0.0769600000
0.0741600000
0.0750710000
0.0765810000
0.0712590000
0.0825150000
0.0771650000
0.0786860000
0.0783280000
0.0776590000
0.0738080000
0.0797270000
0.0794050000
0.0739640000
0.0787760000
0.0786200000
0.0761410000
0.0834790000
0.0738250000
0.0813310000
0.0792230000
0.0821690000
0.0823220000
0.0739260000
0.0782400000
0.0807540000
0.0806990000
0.0862500000
0.0791630000
0.0807610000
0.0783140000
0.0756920000
0.0761120000
0.0822540000
0.0824970000
0.0797430000
0.0778340000
0.0772380000
0.0827870000
0.0796070000
0.0734190000
0.0804210000
0.0818690000
0.0766020000
0.0794790000
0.0799530000
0.0750460000
0.0799050000
0.0842290000
0.0777840000
0.0836820000
0.0811490000
0.0733760000
0.0819980000
0.0783790000
0.0814630000
0.0852410000
0.0759860000
0.0805880000
0.0792390000
0.0807600000
