0.3425040000
0.3425040000
0.3360080000
0.3261600000
0.3271200000
0.3466880000
0.3286250000
0.3210740000
0.3258620000
0.3369420000
0.3380090000
0.3333570000
0.3425550000
0.3350560000
0.3350560000
0.3643080000
0.3362440000
0.3447040000
0.3447040000
0.3644050000
0.3495620000
0.3638330000
0.3381320000
0.3645830000
0.3569130000
0.3351340000
0.3368400000
0.3498740000
0.3646810000
0.3441470000
0.3279670000
0.3379490000
0.3379490000
0.3474620000
0.3467020000
0.3549470000
0.3462200000
0.3506740000
0.3407830000
0.3549540000
0.3467580000
0.3455170000
0.3475550000
0.3386520000
0.3524330000
0.3672060000
0.3436530000
0.3516950000
0.3570690000
0.3309170000
0.4286820000
0.3291570000
0.3397260000
0.4347160000
0.3152210000
0.3637170000
0.3416020000
0.3507610000
0.3482380000
0.3459440000
0.4064690000
0.3409140000
0.4770760000
0.3668320000
0.3465690000
0.3661680000
0.4104930000
0.3474890000
0.4897720000
0.3537950000
0.3444820000
0.3633140000
0.3437230000
0.3521250000
0.3471140000
0.3449490000
0.3483170000
0.3402650000
0.3601260000
0.3317060000
0.3248420000
0.3421410000
0.3302530000
0.3309130000
0.3515030000
0.4707780000
0.4003760000
0.3414540000
0.3400810000
0.3433100000
0.3235170000
0.4188070000
0.4833690000
0.3434780000
0.3397350000
0.3312530000
0.3332510000
0.3442110000
0.3256500000
0.3059050000
0.3367430000
0.3431970000
0.3307570000
0.3407500000
0.3399740000
0.3439330000
0.3450620000
0.3483050000
0.3476510000
0.3741240000
0.4302730000
0.3938040000
0.4390140000
0.3176860000
0.3549000000
0.3562100000
0.3503700000
0.3435230000
0.3470480000
0.3463700000
0.3485220000
0.3723840000
0.3533360000
0.3316680000
0.3200400000
0.3393610000
0.3094350000
0.3235580000
0.2971260000
0.3525070000
0.3578020000
0.3392390000
0.3426760000
0.3375400000
0.3489310000
0.3699300000
0.3397520000
0.3460270000
0.3425260000
0.3720360000
0.3604010000
0.3255730000
0.3379620000
0.3317020000
0.3662440000
0.3498280000
0.3324630000
0.3373550000
0.3350230000
0.3564280000
0.3506880000
0.3496140000
0.3513640000
0.3382960000
0.3483800000
0.3130800000
0.3356180000
0.3453550000
0.3288260000
0.3667430000
0.3456240000
0.3560440000
0.3402520000
0.3447220000
0.3326570000
0.4736430000
0.3595130000
0.3579130000
0.3579130000
0.3605080000
0.3823830000
0.3637250000
0.3644870000
0.3874850000
0.3624020000
0.3946330000
0.3778910000
0.3811260000
0.3579100000
0.3532800000
0.3488750000
0.3498360000
0.3634160000
0.3479870000
0.3413850000
0.3413850000
0.3400580000
0.3399770000
0.3508760000
0.3547610000
0.3890690000
0.3651720000
0.3414630000
0.3634000000
