0.1921010000
0.1910430000
0.1867540000
0.1919490000
0.1921410000
0.1887800000
0.1947420000
0.1874780000
0.1882400000
0.1932510000
0.1906760000
0.1890390000
0.1903610000
0.1936650000
0.1944980000
0.1901900000
0.1969330000
0.1929720000
0.1966930000
0.1938680000
0.1910770000
0.1944450000
0.1925910000
0.1985920000
0.2485610000
0.2564950000
0.2439680000
0.2420610000
0.2461420000
0.2331880000
0.2528210000
0.2487850000
0.1955950000
0.1934840000
0.1918610000
0.1902210000
0.1953720000
0.1977070000
0.1935030000
0.1931100000
0.1954040000
0.1908270000
0.1901450000
0.1929500000
0.1846840000
0.1885410000
0.1918750000
0.1868090000
0.1920390000
