0.0745840000
0.0824310000
0.0668140000
0.0842550000
0.0795790000
0.0677270000
0.0451120000
0.0342820000
0.0649480000
0.0804210000
0.0580610000
0.0787170000
0.0780250000
0.0777460000
0.0760520000
0.0807820000
0.0761580000
0.0782740000
0.0833130000
0.0742160000
0.0835230000
0.0837120000
0.0765470000
0.0781490000
0.0809720000
0.0725010000
0.0810650000
0.0841740000
0.0771990000
0.0847730000
0.0809160000
0.0809650000
0.0827110000
0.0824360000
0.0788430000
0.0830690000
0.0822370000
0.0766110000
0.0810710000
0.0798180000
0.0632850000
0.0778800000
0.0798820000
0.0822900000
0.0854380000
0.0812260000
0.0758090000
0.0721920000
0.0756080000
0.0784050000
0.0772180000
0.0821950000
0.0801980000
0.0798830000
0.0812430000
0.0745020000
0.0798260000
0.0798460000
0.0754880000
0.0818160000
0.0814800000
0.0763900000
0.0800870000
0.0816140000
0.0751450000
0.0764910000
0.0793030000
0.0747570000
0.0841660000
0.0811140000
0.0721360000
