0.1163360000
0.1191710000
0.1086330000
0.1132200000
0.1155050000
0.1138170000
0.1141440000
0.1058970000
0.1201200000
0.1141510000
0.1134100000
0.1140780000
0.1195320000
0.1131490000
0.1179210000
0.1104680000
0.1219120000
0.1078670000
0.1187270000
0.1144440000
0.1124960000
0.1195200000
0.1129710000
0.1081640000
0.1158230000
0.1128280000
0.1116230000
0.1114600000
0.1089120000
0.1071490000
0.1150000000
0.1046850000
0.1122890000
0.1044160000
0.1094660000
0.1085370000
0.1077130000
0.1033760000
0.1062190000
0.1045000000
0.1079280000
0.1072040000
0.1078480000
0.1129130000
0.1088790000
0.1127530000
0.1161690000
0.1132420000
0.1171240000
0.1061080000
0.1152760000
0.1003250000
0.1105230000
0.1125360000
0.1198530000
0.1099960000
0.1130510000
0.1147210000
0.1099990000
0.1044520000
0.1136050000
0.1108060000
0.1089150000
0.1083620000
0.1094980000
0.1110660000
0.1113250000
0.1107290000
0.1139990000
0.1070830000
0.1213520000
0.1091160000
0.1141530000
0.1100990000
0.1135760000
0.1127740000
0.1176490000
0.1080400000
0.1105620000
0.1120750000
0.1154980000
0.1056420000
0.1129590000
0.1081450000
0.1109210000
0.1189270000
0.1193230000
0.1156770000
0.1122880000
0.1042940000
0.1172180000
0.1075180000
0.1162720000
0.1100550000
0.1149880000
0.1150280000
0.1159300000
0.1107970000
0.1173850000
0.1061370000
0.1144590000
0.1111520000
0.1199840000
0.1071790000
0.1119160000
0.1101090000
0.1135920000
0.1050730000
0.1172350000
0.1111480000
0.1218310000
0.1104120000
0.1145100000
0.1074660000
0.1162410000
0.1173610000
0.1157830000
