0.1142030000
0.0916750000
0.1073040000
0.1090840000
0.1116750000
0.1151740000
0.1049700000
0.1184930000
0.1223100000
0.1165050000
0.1148510000
0.1066220000
0.1184340000
0.1165730000
0.1177030000
0.1240050000
0.1131250000
0.1234750000
0.1193100000
0.1095060000
0.1344300000
0.1223120000
0.1255400000
0.1291690000
0.1359920000
0.1162160000
0.1262230000
0.1212860000
0.1185490000
0.1197320000
0.1086920000
0.1149310000
0.1154850000
0.1092230000
0.1210380000
0.1202600000
0.1146430000
0.1108070000
0.1199030000
0.1174200000
0.1186950000
0.1094650000
0.1261050000
0.1479420000
0.1495760000
0.1696080000
0.1494150000
0.1563690000
0.1576470000
0.1733810000
0.1662960000
0.1461530000
0.1486180000
0.1556420000
0.1511890000
0.1208880000
0.1274340000
0.1148840000
0.1296560000
0.1219740000
0.1272130000
0.1208760000
0.1123300000
0.1326640000
0.1232680000
0.1264260000
0.1226210000
0.1206360000
0.1258090000
0.1207640000
0.1235190000
0.1200350000
0.1148430000
0.1146670000
0.1209800000
0.1090530000
0.1180880000
0.1073180000
0.1169350000
0.1174250000
0.1186850000
0.1069470000
0.1179740000
0.1212820000
0.1172670000
0.1136470000
0.1096720000
0.1194620000
0.1203250000
0.1213510000
0.1239340000
0.1174790000
0.1105090000
0.1118210000
0.1131410000
0.1236920000
0.1141640000
0.1153210000
0.1152800000
0.1157270000
0.1129130000
0.1070930000
0.1182760000
0.1196280000
