0.0085580000
0.0086510000
0.0068330000
0.0096630000
0.0086780000
0.0082080000
0.0083010000
0.0098330000
0.0096940000
0.0106700000
0.0098800000
0.0087900000
0.0097180000
0.0096980000
0.0092420000
0.0079340000
0.0090950000
0.0107260000
0.0092230000
0.0100220000
0.0093160000
0.0099450000
0.0084450000
0.0091660000
0.0097690000
0.0101120000
0.0098900000
0.0096830000
0.0097850000
0.0078510000
0.0095770000
0.0086970000
0.0089260000
0.0817900000
0.0847530000
0.0769930000
0.0790360000
0.0784760000
0.0770410000
0.0885830000
0.0777450000
0.0920650000
0.0805700000
0.0956680000
0.0776830000
0.0788440000
0.0791130000
0.0897890000
0.0787020000
0.0821930000
0.0873570000
0.0652080000
0.0951780000
0.0767580000
0.0959610000
0.0916920000
0.0908500000
0.0694570000
0.0709650000
0.0717650000
0.0615960000
0.0688680000
0.0683350000
0.0746510000
0.0698180000
0.0749590000
0.0715420000
0.0750670000
0.0665690000
0.0628290000
0.0748270000
0.0732010000
0.0749940000
0.0748180000
0.0734470000
0.0702570000
0.0665630000
0.0691780000
0.0731760000
0.0689730000
0.0684830000
0.0718780000
0.0708070000
0.0732620000
0.0794160000
0.0621810000
0.0677980000
0.0547920000
0.0669450000
0.0683030000
0.0828800000
