0.0967780000
0.0914430000
0.0900180000
0.1018230000
0.0950650000
0.0793110000
0.0909840000
0.0909210000
0.0912470000
0.0962260000
0.0953900000
0.0906020000
0.1019470000
0.0924630000
0.0849190000
0.0761000000
0.1090030000
0.0925940000
0.0835550000
0.0806340000
0.0931180000
0.0710530000
0.0833750000
0.0883510000
0.0900060000
0.0888450000
0.0769710000
0.0755200000
0.0841220000
0.0957450000
0.0845500000
0.0701640000
0.0856660000
0.0546970000
0.0817230000
0.0977650000
0.0966390000
0.0744370000
0.0897150000
0.0928670000
0.0958180000
0.0952770000
0.0982980000
0.1014660000
0.1044590000
0.0943840000
0.1005240000
0.1007180000
0.1009340000
0.0982980000
0.0868610000
0.1011590000
0.1022540000
0.1007170000
0.0977460000
0.1024890000
0.0997800000
0.1007120000
0.0995570000
0.0876870000
0.0985690000
0.0917310000
0.0960060000
0.0986540000
0.0829290000
0.0998450000
0.0977700000
0.0839450000
0.0891220000
0.0959480000
0.0977000000
0.0946350000
0.0910310000
