0.1209020000
0.1121790000
0.1209230000
0.1186070000
0.1151540000
0.1153470000
0.1201410000
0.1052000000
0.1185230000
0.1177770000
0.1213010000
0.1095120000
0.1160240000
0.1105250000
0.1146290000
0.1109330000
0.1184470000
0.1116130000
0.1128200000
0.1088720000
0.1134640000
0.1108080000
0.1145460000
0.1081890000
0.1080900000
0.1094190000
0.1117690000
0.1107010000
0.1137870000
0.1097460000
0.1155930000
0.1061120000
0.1147790000
0.1004470000
0.1130720000
0.1120190000
0.1161830000
0.1071850000
0.1128960000
0.1088510000
0.1134930000
0.1085830000
0.1163230000
0.1144330000
0.1221640000
0.1194180000
0.1204990000
0.1205000000
0.1196990000
0.1132030000
0.1201360000
0.1169260000
0.1174790000
0.1145750000
0.1162430000
0.1106370000
0.1209280000
0.1137630000
0.1102090000
0.1106260000
0.1112480000
0.1071460000
0.1159130000
0.1038770000
0.1110580000
0.1069860000
0.1113410000
0.1144600000
0.1153820000
0.1051720000
0.1151630000
0.1079160000
0.1163280000
0.1002790000
0.1173190000
0.1029930000
0.1157470000
0.1116450000
0.1133250000
0.1053740000
0.1160250000
0.1103840000
0.1113520000
0.1126500000
0.1130290000
0.1063580000
0.1145250000
0.1063690000
0.1143550000
0.1086430000
0.1156950000
0.1188980000
0.1184160000
0.1155360000
0.1159760000
0.1068880000
0.1154690000
0.1102010000
0.1136980000
0.1100580000
0.1180020000
0.1085360000
0.1156020000
0.1099790000
0.1172110000
0.1089380000
0.1174270000
0.1165580000
0.1197400000
0.0996680000
0.1157250000
0.1135350000
0.1172580000
0.0927580000
0.1156920000
0.1203170000
0.1182640000
0.1021390000
0.1156280000
0.1092860000
0.1146370000
0.1149260000
0.1167650000
0.1101290000
0.1031020000
0.1079190000
0.1147980000
0.1102050000
