0.4222110000
0.4202310000
0.4401460000
0.4380360000
0.4340360000
0.4413530000
0.4206450000
0.4244040000
0.4287460000
0.4274500000
0.4279070000
0.4165730000
0.4135140000
0.4125400000
0.4125400000
0.4147500000
0.4226650000
0.4158550000
0.4040130000
0.4208570000
0.4355390000
0.4286950000
0.4343040000
0.4356030000
0.4364770000
0.4018070000
0.4065840000
0.4096480000
0.4098690000
0.4344710000
0.4328750000
0.4323240000
0.4317480000
0.4362380000
0.4327420000
0.4266840000
0.4218760000
0.4179930000
0.4361660000
0.4491410000
0.4441550000
0.4490460000
0.4271720000
0.4432620000
0.4526160000
0.4414630000
0.4239950000
0.3963640000
0.4309360000
0.4405520000
0.4357870000
0.4626080000
0.4653720000
0.4540680000
0.4666260000
0.4383090000
0.4379510000
0.4375650000
0.4447870000
0.4384310000
0.4424830000
0.4437890000
0.4365720000
0.4502290000
0.4456180000
0.4407580000
0.4467400000
0.4449040000
0.4491380000
0.4240110000
0.4543430000
0.4563870000
0.4621810000
0.4628980000
0.4671250000
0.4560500000
0.4471980000
0.4473910000
0.4381980000
0.4426990000
0.4406730000
0.4402130000
0.4399760000
0.4415170000
0.4380870000
0.4438750000
0.4372150000
0.4408230000
0.4357410000
0.4271520000
0.4271520000
0.4299300000
0.4281610000
0.4236540000
0.4376070000
0.4371530000
0.4219990000
0.4381780000
0.4466280000
0.4516000000
0.4545580000
0.4286230000
0.4575360000
0.4355020000
0.4459300000
0.4528750000
0.4459280000
0.4320910000
0.4296330000
0.4267660000
0.4222880000
0.4254670000
0.4358990000
0.4365200000
0.4476170000
0.4519830000
0.4519830000
0.4044560000
0.4150270000
0.4208430000
0.4153870000
0.4198530000
0.4228970000
0.4239360000
0.4312670000
0.4210930000
0.4038640000
0.4238880000
0.4356190000
0.4330920000
0.4345360000
0.4380600000
0.4427350000
0.4292460000
0.4094560000
0.4346650000
0.4356060000
0.4414860000
0.4456040000
0.4407030000
0.4438160000
0.4223210000
0.4261940000
0.4155730000
0.4359470000
0.4396830000
0.4410420000
0.4444460000
0.4416750000
0.4471230000
0.4432580000
0.4538220000
0.4538340000
0.4495580000
0.4267070000
0.4280160000
0.4294110000
0.4284490000
