0.3195590000
0.3987880000
0.3471180000
0.3442440000
0.3495940000
0.3485850000
0.3651700000
0.3603900000
0.3273820000
0.3160140000
0.3210800000
0.3203820000
0.3243670000
0.3169580000
0.3507090000
0.3351300000
0.3362560000
0.3546920000
0.3512830000
0.3542040000
0.3391250000
0.3457140000
0.3394880000
0.3426940000
0.3341300000
0.3491800000
0.3406220000
0.3385250000
0.3529140000
0.3275030000
0.3521980000
0.3392680000
0.3242270000
0.3190300000
0.3250740000
0.3332210000
0.3207680000
0.3277540000
0.3451200000
0.3363710000
0.3688580000
0.3532080000
