0.0784120000
0.0818370000
0.0748550000
0.0790740000
0.0749730000
0.0801110000
0.0791300000
0.0794170000
0.0810080000
0.0783440000
0.0738090000
0.0797420000
0.0785240000
0.0789410000
0.0789880000
0.0816560000
0.0786640000
0.0790390000
0.0764590000
0.0724340000
0.0723400000
0.0801260000
0.0690220000
0.0786950000
0.0786270000
0.0695890000
0.0839570000
0.0814540000
0.0746560000
0.0789470000
0.0788560000
0.0748590000
0.0760970000
0.0795110000
0.0785330000
0.0806050000
0.0791130000
0.0768290000
0.0820200000
0.0824580000
0.0793260000
0.0816330000
0.0819450000
0.0759120000
0.0813020000
0.0812530000
0.0798320000
0.0810660000
0.0795170000
0.0797490000
0.0839650000
0.0843560000
0.0795980000
0.0839160000
0.0774900000
0.0857080000
0.0983620000
0.0923560000
0.0766350000
0.0779390000
0.0770400000
0.0794150000
0.0784840000
0.0746010000
0.0791160000
0.0786670000
0.0987390000
0.0782130000
0.0793700000
0.0739680000
0.0922360000
0.0790510000
0.0898560000
0.0758920000
0.0803010000
0.0803010000
0.0733850000
0.0951200000
0.0845680000
0.0786520000
0.0787630000
0.0798410000
0.1095450000
0.0945940000
0.1085210000
0.0933950000
0.0748430000
0.0789790000
0.1000220000
0.0934470000
0.0827130000
0.0927840000
0.0926740000
0.0830400000
0.0764030000
0.0832600000
0.0783120000
0.0757670000
0.0773220000
0.0794860000
0.0778750000
0.0764500000
0.0797890000
0.0759330000
0.0799380000
0.0806390000
0.0737030000
0.0821360000
0.0761960000
0.0748050000
0.0758630000
0.0785700000
0.0717430000
0.0765660000
0.0765210000
0.0718320000
0.0836630000
0.0762120000
0.0733880000
0.0760470000
0.0763360000
0.0735680000
0.0735680000
0.0782110000
0.0783790000
0.0772050000
0.0761310000
0.0761060000
0.0781570000
0.0757430000
0.0727020000
0.0754810000
0.0776700000
0.0724430000
0.0770720000
0.0754170000
0.0692520000
0.0781210000
0.0775270000
0.0726300000
0.0795520000
0.0766940000
0.0756990000
0.0785260000
0.0788220000
0.0771120000
0.0771120000
0.0771250000
0.0761320000
0.0765590000
0.0778390000
0.0752800000
0.0828520000
0.0845350000
0.0754000000
