24.8617780000
24.6806110000
23.4942180000
24.4193810000
25.0234220000
24.0706270000
25.4530850000
25.0560420000
26.2636860000
25.4921130000
24.9543940000
25.9004490000
25.6391930000
25.2285520000
25.0181440000
26.0098840000
25.3708680000
24.9968380000
25.1678070000
25.4563150000
26.1762330000
25.7753450000
25.6638730000
25.3042430000
24.8114570000
26.7714460000
25.7646450000
27.2465170000
26.6222160000
26.4473520000
27.6221900000
27.3553100000
27.0076880000
27.4542520000
27.0783850000
25.8987600000
26.7583660000
26.0790240000
26.8904630000
26.4490470000
26.4582820000
27.5688370000
27.0973160000
28.0365680000
27.2540400000
27.6997990000
27.6650830000
28.3251300000
25.8660150000
26.0352670000
27.8871650000
26.6630610000
25.7241310000
27.3015370000
26.2160260000
26.5139310000
26.8050270000
27.1129810000
27.9805700000
27.8226240000
26.1916690000
27.1114130000
27.0043330000
27.2706760000
27.2080440000
26.0423970000
27.0502510000
27.3931310000
27.8535610000
28.0515810000
25.7159480000
26.7721000000
26.8338810000
26.5303780000
26.2671310000
26.9393170000
27.1838270000
26.6185130000
27.5690180000
26.6474620000
27.3535630000
28.5653780000
27.5724330000
27.6236140000
27.4397710000
27.3284770000
27.8861750000
26.8236030000
27.1824750000
28.7236080000
26.3944860000
27.8277850000
27.7165830000
26.7502090000
27.0262040000
26.7778700000
27.2505290000
26.7349640000
27.4273430000
27.5895290000
27.1764540000
27.3092760000
26.0550850000
26.3207530000
25.2663260000
27.4148040000
27.1473530000
26.4027810000
27.0614090000
26.9115060000
26.1794270000
27.5187480000
27.3758150000
26.3244850000
27.3352330000
26.7678920000
27.4548300000
26.6305120000
27.7694080000
26.7501870000
26.6042360000
29.0384930000
28.4918520000
27.4950070000
26.6928310000
26.7111080000
28.1218610000
28.8001890000
28.8268060000
26.9898970000
28.4349510000
27.5717490000
26.8042030000
27.0891110000
27.0134980000
26.3591020000
26.4940150000
27.6828220000
26.8345280000
26.6071080000
26.9432870000
27.5809560000
27.0021180000
27.7315850000
27.7552740000
27.1992640000
27.6504200000
27.2877420000
26.4501080000
27.8135850000
26.9023150000
27.7506670000
27.7833530000
26.7476250000
27.5225380000
28.8874850000
26.8809880000
27.6373310000
26.2840560000
26.1325170000
26.8017390000
27.0748060000
26.5282590000
26.5001090000
27.8506480000
27.1727700000
27.3437880000
27.5620570000
26.3789500000
27.3262850000
27.9243260000
27.0580540000
27.9259440000
26.5595340000
26.2125580000
26.7480950000
25.2243060000
26.7090740000
26.8634500000
26.6160650000
26.9558480000
26.3663570000
26.7037030000
26.3546540000
24.8922530000
25.9565290000
25.8891480000
25.9982730000
26.1127630000
26.1468710000
26.7414680000
26.9904700000
26.9531560000
26.2263080000
27.6003150000
27.7113920000
27.8408060000
26.7101450000
27.4230570000
26.3203110000
26.0825110000
27.1834260000
25.7766700000
25.9401260000
28.5501520000
27.8122820000
26.1440030000
26.9406730000
26.7399420000
27.7747490000
26.7135430000
28.3893230000
27.6140570000
28.1329880000
27.3123750000
27.3227850000
26.9072320000
27.5703170000
27.0764840000
27.4488130000
26.6304460000
26.6689370000
27.5280160000
27.0996470000
28.3101180000
27.9395670000
27.1954760000
27.8199260000
27.4603390000
27.2024270000
26.2188190000
28.2024640000
27.2580420000
27.9459250000
27.7789470000
26.9606760000
26.7133930000
27.6890160000
27.3636610000
27.9852610000
27.2376580000
27.3962000000
27.7805690000
28.1640270000
27.2780200000
26.7152420000
26.5837510000
26.7032030000
26.6404840000
27.1288670000
27.6597970000
25.5034990000
26.8129850000
25.3702590000
28.3066560000
27.9753330000
27.9749490000
26.7156260000
27.4796920000
26.2608840000
27.2143530000
26.5733360000
27.4943410000
27.9736640000
27.4873660000
26.3092290000
27.1830650000
26.5715890000
27.1388010000
27.3507120000
27.5128110000
27.3613390000
26.3687380000
26.6705600000
