0.0053470000
0.0040720000
0.0050260000
0.0038490000
0.0038370000
0.0036910000
0.0034600000
0.0034610000
0.0034230000
0.0037710000
0.0038900000
0.0035490000
0.0035090000
0.0035410000
0.0031180000
0.0030930000
0.0033260000
0.0035140000
0.0032580000
0.0028760000
0.0028610000
0.0031670000
0.0028840000
0.0030850000
0.0028960000
0.0027780000
0.0028470000
0.0033840000
0.0029350000
0.0025700000
0.0026810000
0.0026920000
0.0025190000
0.0026300000
0.0025450000
0.0024620000
0.0025580000
0.0030680000
0.0027080000
0.0026590000
0.0026230000
0.0023730000
0.0025250000
0.0025310000
0.0025720000
0.0025220000
0.0025260000
0.0026500000
0.0024960000
0.0025480000
0.0025390000
0.0026040000
0.0025180000
0.0025070000
0.0025930000
0.0025240000
0.0025610000
0.0025300000
0.0026480000
0.0025600000
0.0025480000
0.0023860000
0.0025070000
0.0022910000
0.0025580000
0.0022500000
0.0024370000
0.0023570000
0.0023910000
0.0023890000
0.0027390000
0.0025320000
0.0025810000
0.0025240000
0.0025300000
0.0025840000
0.0022990000
0.0023250000
0.0024090000
0.0023950000
0.0024030000
0.0024650000
0.0025320000
0.0025450000
0.0024370000
0.0025190000
0.0023080000
0.0024410000
0.0025180000
0.0024090000
0.0025220000
0.0025140000
0.0025250000
0.0026070000
0.0024630000
0.0024380000
0.0025820000
0.0025270000
0.0025260000
0.0024490000
0.0025240000
0.0023400000
0.0023470000
0.0023660000
0.0027390000
0.0026340000
0.0025520000
0.0024560000
0.0025830000
0.0025350000
0.0024000000
0.0024530000
0.0025170000
0.0025330000
0.0025560000
0.0026590000
0.0026340000
0.0025540000
0.0025770000
0.0027200000
0.0025190000
0.0024260000
0.0025210000
0.0025280000
0.0024330000
0.0025330000
0.0025310000
0.0028630000
0.0024740000
0.0024320000
0.0025400000
0.0025220000
0.0026080000
0.0023990000
0.0025270000
0.0025150000
0.0025600000
0.0025900000
0.0027600000
0.0027020000
0.0026180000
0.0022730000
0.0024940000
0.0024480000
0.0022960000
0.0025380000
0.0025360000
0.0024940000
0.0024430000
0.0026760000
0.0025700000
0.0025420000
0.0025770000
0.0025120000
0.0023300000
0.0024160000
0.0023830000
0.0024320000
0.0024010000
0.0023760000
0.0024390000
0.0033590000
0.0027020000
0.0026120000
0.0026170000
0.0026490000
0.0026280000
0.0026410000
0.0026390000
0.0025930000
0.0028780000
0.0029600000
0.0031580000
0.0026370000
0.0027330000
0.0026520000
0.0025490000
0.0026370000
0.0026120000
0.0027550000
0.0028360000
0.0025150000
0.0028160000
0.0028670000
0.0026030000
0.0027060000
0.0025590000
0.0025930000
0.0024800000
0.0024670000
0.0026300000
0.0024990000
0.0027360000
0.0028240000
0.0033830000
0.0025210000
0.0025090000
0.0028180000
0.0025340000
0.0028370000
0.0025540000
0.0025170000
0.0025530000
0.0026870000
0.0025290000
0.0029980000
0.0031470000
0.0025180000
0.0026650000
0.0026330000
0.0024250000
0.0024160000
0.0024440000
0.0022920000
0.0028210000
0.0026850000
0.0027970000
0.0025690000
0.0028480000
0.0028060000
0.0028560000
0.0027000000
0.0027840000
0.0024940000
0.0028610000
0.0025660000
0.0026890000
0.0027480000
0.0026220000
0.0025560000
0.0025270000
0.0025660000
0.0026470000
0.0025160000
0.0025270000
0.0030880000
0.0027140000
0.0025260000
0.0027560000
0.0027490000
0.0026830000
0.0025490000
0.0026160000
0.0026190000
0.0025960000
0.0026540000
0.0027910000
0.0031120000
0.0026630000
0.0026360000
0.0026610000
0.0026340000
0.0026060000
0.0026080000
0.0026410000
0.0026200000
0.0028890000
0.0025540000
0.0033360000
0.0028470000
0.0026030000
0.0026410000
0.0026500000
0.0026180000
0.0026710000
0.0026250000
0.0028770000
0.0026650000
0.0028410000
0.0030230000
0.0028730000
0.0026370000
0.0026560000
0.0026370000
0.0026240000
0.0027260000
0.0026070000
0.0026550000
0.0026420000
0.0029100000
0.0026470000
0.0026260000
0.0026460000
0.0026150000
0.0026240000
0.0026520000
0.0026400000
0.0026380000
0.0026650000
0.0026910000
0.0035370000
0.0026890000
0.0026130000
0.0026570000
0.0026060000
0.0026660000
0.0026520000
0.0026320000
0.0025830000
0.0028240000
0.0030230000
0.0032020000
0.0024630000
0.0024950000
0.0024690000
0.0024620000
0.0026360000
0.0026600000
0.0025270000
0.0025700000
0.0028360000
0.0027850000
0.0034250000
0.0027180000
0.0025060000
0.0026770000
0.0026280000
0.0027560000
0.0025450000
0.0025120000
0.0024780000
0.0026680000
0.0025110000
0.0029660000
0.0027590000
0.0025680000
0.0025780000
0.0025460000
0.0029700000
0.0025060000
0.0026350000
0.0025100000
0.0024570000
0.0025270000
0.0026920000
0.0030990000
0.0025800000
0.0025320000
0.0025490000
0.0027690000
0.0025170000
0.0025840000
0.0027630000
0.0024860000
0.0026370000
0.0028520000
0.0032740000
0.0028310000
0.0025170000
0.0026510000
0.0026380000
0.0026600000
0.0025740000
0.0026550000
0.0025930000
0.0026470000
0.0029320000
0.0029470000
0.0025470000
0.0026230000
0.0025280000
0.0025760000
0.0025630000
0.0027280000
0.0024820000
0.0025390000
0.0026280000
0.0028830000
0.0034210000
0.0029180000
0.0026780000
0.0028360000
0.0026360000
0.0026360000
0.0026300000
0.0028490000
0.0026430000
0.0026290000
0.0032610000
0.0026460000
0.0025450000
0.0025800000
0.0026670000
0.0025950000
0.0025120000
0.0025100000
0.0025430000
0.0025500000
0.0028040000
0.0031410000
0.0028320000
0.0025450000
0.0024730000
0.0025890000
0.0025260000
0.0026770000
0.0026450000
0.0026670000
0.0026270000
0.0028640000
0.0032080000
0.0026510000
0.0027470000
0.0026080000
0.0026480000
0.0026290000
0.0025700000
0.0024740000
0.0026600000
0.0027920000
0.0026290000
0.0031100000
0.0028580000
0.0026370000
0.0026560000
0.0026300000
0.0026750000
0.0026570000
0.0028430000
0.0026710000
0.0026230000
0.0028980000
0.0026470000
0.0027070000
0.0026550000
0.0026080000
0.0026150000
0.0026650000
0.0027640000
0.0026230000
0.0025360000
0.0025140000
0.0027870000
0.0031490000
0.0029330000
0.0026490000
0.0026290000
0.0029980000
0.0033520000
0.0032220000
0.0031790000
0.0028400000
0.0029320000
0.0029180000
0.0027700000
0.0026690000
0.0027550000
0.0026750000
0.0029060000
0.0030100000
0.0026720000
0.0027260000
0.0026380000
0.0025870000
0.0025730000
0.0025820000
0.0024580000
0.0027480000
0.0026880000
0.0034640000
0.0026680000
0.0026150000
0.0028510000
0.0025080000
0.0026320000
0.0026850000
0.0024910000
0.0027720000
0.0024940000
0.0026550000
0.0031080000
0.0027350000
0.0027780000
0.0027210000
0.0027240000
0.0027360000
0.0026590000
0.0027130000
0.0027430000
0.0026750000
0.0029780000
0.0029030000
0.0026850000
0.0028100000
0.0026150000
0.0027570000
0.0026840000
0.0027200000
0.0027690000
0.0027250000
0.0026820000
0.0033020000
0.0026590000
0.0027540000
0.0025770000
0.0027140000
0.0027150000
0.0026210000
0.0026390000
0.0026920000
0.0026640000
0.0026730000
0.0031840000
0.0027800000
0.0027180000
0.0026140000
0.0027300000
0.0027450000
0.0027010000
0.0027050000
0.0026030000
0.0027150000
0.0026740000
0.0034290000
0.0026020000
0.0025370000
0.0025260000
0.0032650000
0.0026290000
0.0025080000
0.0031140000
0.0027420000
0.0027540000
0.0026740000
0.0028850000
0.0028940000
0.0027790000
0.0027200000
0.0026170000
0.0027650000
0.0028580000
0.0029600000
0.0026840000
0.0027290000
0.0027450000
0.0027210000
0.0026880000
0.0026860000
0.0027170000
0.0026800000
0.0025990000
0.0032090000
0.0025960000
0.0025720000
0.0026300000
0.0026690000
0.0026060000
0.0026810000
0.0026690000
0.0027150000
