0.4812420000
0.6154270000
0.4493790000
0.4573340000
0.4621070000
0.4971020000
0.4473790000
0.4478160000
0.4378020000
0.4723360000
0.5170900000
0.5109750000
0.5014860000
0.4783730000
0.5891120000
0.4579780000
0.4707610000
0.4663700000
0.4679270000
0.4630930000
0.4745830000
0.4537340000
0.4790750000
0.4886550000
0.4742810000
0.4951070000
0.4916090000
0.4985550000
0.4750540000
0.4969920000
0.4910500000
0.4839390000
0.4626710000
0.4742030000
0.4717680000
0.4614600000
0.4734700000
0.4620120000
0.4759510000
0.4844540000
0.4991960000
0.5034880000
0.5025630000
0.5011570000
0.4697550000
0.4800860000
0.4573490000
0.4893820000
0.5297770000
0.5278270000
0.4610000000
0.4880820000
0.4831760000
0.4589910000
0.4750370000
0.4839930000
0.5004330000
0.4730160000
0.4729960000
0.4933530000
0.4693850000
0.4797420000
0.4931300000
0.4900180000
0.4678960000
0.4794840000
0.4721830000
0.4586680000
0.4600550000
0.4766850000
0.4767280000
0.5174580000
0.4509590000
0.4549690000
0.4756510000
0.4866110000
0.4810360000
0.4729680000
0.4874050000
0.4981870000
0.5028400000
0.4401960000
0.4494550000
0.4482240000
0.4469780000
0.4554690000
0.4815210000
0.4555060000
0.4845930000
0.4615610000
0.4791160000
0.5015210000
0.4816240000
0.4582720000
0.4808400000
0.4562390000
0.5118200000
0.4828510000
0.4725010000
0.5988780000
0.5966610000
0.4705270000
0.5777110000
0.5021220000
0.4873450000
0.4734890000
0.4856630000
0.4766810000
0.4729530000
0.4529370000
0.4756480000
0.4516520000
0.4671390000
0.4351070000
0.4603600000
0.6710680000
0.5587480000
0.4727600000
0.5890610000
0.4707370000
0.4775090000
0.4792580000
0.4776430000
0.4898750000
0.5119670000
0.5098480000
0.4725330000
0.4682390000
0.4586580000
0.4537440000
0.4568710000
0.4579260000
0.4586920000
0.4792050000
0.4825440000
0.5938080000
0.6215530000
0.4810660000
0.5677520000
0.4921640000
0.5122120000
0.5019700000
0.4844060000
0.5006710000
0.4740910000
0.5085310000
0.4898090000
0.5170010000
0.4793310000
0.4825720000
0.4716690000
0.4788500000
0.4448810000
0.4920740000
0.5097580000
0.4729120000
0.4836560000
0.5064010000
0.4700060000
0.4927120000
0.4899820000
0.4745760000
0.5396960000
0.4947050000
0.5020690000
0.4722050000
0.4635230000
0.4574330000
0.4976330000
0.4929120000
0.5112330000
0.5102370000
0.4744760000
0.4667180000
0.4712220000
0.4727030000
0.4703080000
0.4391070000
0.4703660000
0.4692870000
0.4784800000
0.4686360000
0.4680080000
0.4985040000
0.5011110000
0.5214170000
0.4804150000
0.5192200000
0.4794970000
0.4633640000
0.4809000000
0.4909510000
0.4659480000
0.4695190000
0.4210960000
0.4746930000
0.5169350000
0.4902950000
0.5104290000
0.4728890000
