0.3560650000
0.3458290000
0.3547380000
0.3446700000
0.3264850000
0.3269540000
0.3255250000
0.3332890000
0.3623980000
0.3567080000
0.3437660000
0.3523080000
0.3469710000
0.3499010000
0.3483710000
0.3153130000
0.3572980000
0.3548500000
0.3241520000
0.3313420000
0.3590610000
0.3571960000
0.3608290000
0.3641080000
0.3408540000
0.3194040000
0.3390740000
0.3115930000
0.3238900000
0.3586710000
0.3375330000
0.3249020000
0.3388840000
0.3586130000
0.3512100000
0.3484600000
0.3594700000
0.3504070000
0.3371820000
0.3337380000
0.3457550000
0.3337880000
0.3267130000
0.3333810000
0.3494740000
0.3691550000
0.3444050000
0.3499730000
0.3638100000
0.3352280000
0.3378480000
0.3217750000
0.3449590000
0.3342320000
0.3327680000
0.3250620000
0.3139370000
0.3334480000
0.3413460000
0.3283630000
0.3299910000
0.3343930000
0.3321050000
0.3637420000
0.3482140000
0.3492350000
0.3456400000
0.3223730000
0.3255280000
0.3361120000
0.3277270000
0.3376780000
0.3388250000
0.3252460000
0.3463520000
0.3411120000
0.3393980000
0.3336600000
0.3321460000
0.3408690000
0.3521850000
0.3495700000
0.3578210000
0.3524870000
0.3588070000
0.3225720000
0.3242730000
0.3442490000
0.3240930000
0.3299600000
0.3559420000
0.3503980000
0.3394110000
0.3493730000
0.3407130000
0.3297600000
0.3293890000
0.3331710000
0.3441030000
0.3364600000
0.3484160000
0.3280780000
0.3470350000
0.3215380000
0.3181020000
0.3174940000
0.3211050000
0.3097560000
0.3197990000
0.3443180000
0.3470520000
0.3512020000
0.3490390000
0.3707130000
0.3422700000
0.3426940000
0.3412710000
0.3382740000
0.3325400000
0.3270420000
0.3497490000
0.3795410000
0.4263080000
0.4214340000
0.3414120000
0.3291830000
0.3418180000
0.3455100000
0.3542910000
0.3571720000
0.3466050000
0.3584210000
0.3495690000
0.3490620000
0.3510660000
0.3665580000
0.3576420000
0.3437940000
0.3558440000
0.3390130000
0.3534410000
0.3355250000
0.3313480000
0.3484080000
0.3222040000
0.3478070000
0.3401430000
0.3557380000
0.3538500000
0.3376770000
0.3415300000
0.3543310000
0.3497640000
0.3392790000
0.3271350000
0.3559220000
0.3418610000
0.3270070000
0.3318570000
0.3369470000
0.3527740000
0.3462430000
0.3407800000
0.3340990000
0.3520700000
0.3531160000
0.3594860000
0.3428890000
0.3302320000
0.3335360000
0.3191330000
0.3259350000
0.3399630000
0.3412610000
0.3475100000
0.3371950000
0.3248660000
0.3329970000
0.3582410000
0.3669830000
0.3463820000
0.3440530000
0.3313690000
0.3475150000
0.3360230000
0.3367300000
0.3510380000
0.3504660000
0.3339200000
0.3411040000
0.3199050000
0.3544850000
0.3558720000
0.3356510000
0.3353030000
0.3463820000
0.3551140000
0.3425500000
0.3708860000
0.3697170000
