0.1176400000
0.0907810000
0.1046040000
0.1123640000
0.1111240000
0.1056940000
0.1159210000
0.1060330000
0.1194620000
0.1129100000
0.1148190000
0.1101310000
0.1123850000
0.0875240000
0.1121150000
0.1073500000
0.1149790000
0.0953940000
0.1108060000
0.1061150000
0.1144630000
0.1111090000
0.1104750000
0.1024850000
0.1147020000
0.1083890000
0.1086840000
0.1137530000
0.1005950000
0.1003110000
0.1144390000
0.1100050000
0.1117080000
0.1045450000
0.1103330000
0.1036380000
0.1091910000
0.1077920000
0.1074850000
0.1086540000
0.1115410000
0.1088470000
0.1132180000
0.1071960000
0.1120950000
0.1149620000
0.0922450000
0.1074070000
0.1204670000
0.1108790000
0.1168300000
0.1156810000
0.1204310000
0.1115200000
0.1168630000
0.1138200000
0.1167120000
0.1146740000
0.1165180000
0.1097210000
0.0959650000
0.1229860000
0.1203790000
0.1099240000
0.0899150000
0.1096850000
0.1159850000
0.1117770000
0.1192720000
0.1169630000
0.1112920000
0.1120380000
0.1210960000
0.1148760000
0.0956720000
0.1087020000
0.1158540000
0.1126450000
0.1154540000
0.1049060000
0.1149590000
0.1080110000
0.1074010000
0.1034470000
0.1133020000
0.1071730000
0.1160370000
0.1065970000
0.1046610000
0.1097740000
0.1142200000
0.1081550000
0.1198330000
0.0931320000
0.0910140000
0.0818140000
0.0897980000
0.1344170000
0.1454200000
0.1064120000
0.1115190000
0.1307700000
0.1039500000
0.1294640000
0.1190620000
0.1309610000
0.1124870000
0.1208380000
0.1362430000
0.1266700000
0.1089910000
0.1343200000
0.1154870000
0.1111710000
0.1202100000
0.1134200000
0.1204720000
0.1133690000
0.1224740000
0.1119870000
0.1156010000
0.1191050000
0.1130560000
0.1139930000
0.1183440000
0.1072950000
0.1206030000
0.1082170000
0.1100030000
0.1078600000
0.1110170000
0.1072260000
0.1074960000
0.1071430000
0.1061670000
0.1137310000
0.0856530000
0.1074950000
0.1084550000
0.1064960000
0.1100400000
0.1050140000
0.1122330000
0.1051840000
0.1121460000
0.1093950000
0.1143710000
0.1113110000
0.1139070000
0.1107210000
0.1166700000
0.0982590000
0.1075210000
0.1111050000
0.1064390000
0.1058980000
0.1104750000
0.1134910000
0.1136720000
0.1143530000
0.1083630000
0.1075830000
0.1130950000
0.1086880000
0.0970070000
0.1068110000
0.1214320000
0.1163420000
0.1214980000
0.1123870000
0.1190580000
0.1161610000
0.1168100000
0.1134260000
0.1174640000
0.1115760000
0.1172740000
0.1047530000
0.1102180000
0.1109490000
0.1077100000
0.0998330000
0.1065500000
0.1094340000
0.1070280000
0.1063560000
0.1060920000
0.1123710000
0.1172390000
0.1123360000
0.1128520000
0.1060520000
0.1085180000
0.1053660000
0.1164440000
0.1066700000
0.0997210000
0.1053970000
0.1139720000
0.1096760000
0.1154150000
0.1118700000
0.1158140000
0.1066420000
0.1134490000
0.1091140000
0.1156900000
0.1082000000
0.1141490000
0.1071060000
0.1116790000
0.1064070000
0.1104060000
0.1022580000
0.1121160000
0.1056140000
0.1136850000
0.1072400000
0.1150670000
0.1111840000
0.1174270000
0.1073710000
0.1162310000
0.1088090000
0.1120530000
0.0967750000
0.1131730000
0.1040340000
0.1107180000
0.1112900000
0.1112970000
0.1065900000
0.1095760000
0.1076140000
0.1067820000
0.1072590000
0.1110250000
0.1074790000
0.1080780000
0.1051910000
0.1090620000
0.1038730000
0.0664760000
0.1086720000
0.1075420000
0.1138400000
0.1057850000
0.1049840000
0.1086170000
0.1073300000
0.1078740000
0.1073840000
0.1107740000
0.1039050000
0.1096700000
0.1127670000
0.1085910000
0.0823030000
0.1121650000
0.1050570000
0.1054710000
0.1104040000
0.1071360000
0.1030020000
0.1125100000
0.1124310000
0.1117590000
0.1051810000
0.1060510000
0.1090950000
0.1101730000
0.1071070000
0.1155980000
0.1061990000
0.1120720000
0.0960890000
0.0886640000
0.1099460000
0.1084220000
0.1056130000
0.1098590000
0.1098720000
0.1120440000
0.1097190000
0.1142990000
0.1104470000
0.1152300000
0.1159120000
0.1196670000
0.1162030000
0.1173180000
0.1069650000
0.1114500000
0.1135080000
0.1116610000
0.1078950000
0.1144670000
0.1077200000
0.1152550000
0.1053460000
0.1171330000
0.1098090000
0.1139460000
0.1059140000
0.1173410000
0.1060080000
0.1124500000
0.1079610000
0.1175830000
0.1066860000
0.1137710000
0.0966470000
0.1028270000
0.1122870000
0.1204260000
0.1117860000
0.1198810000
0.1080630000
0.1138230000
0.0953720000
0.1175260000
0.1122480000
0.1148560000
0.1186880000
0.1094050000
0.1036930000
0.1087510000
0.1062490000
0.1093870000
0.1026580000
0.1120230000
0.1041180000
0.1107500000
0.1099150000
0.1108650000
0.1090930000
0.1064010000
0.1087250000
0.1082400000
0.1096050000
0.1138190000
0.1088620000
0.1133190000
0.1056100000
0.1092360000
0.0973860000
0.1122420000
0.1072860000
0.1135700000
0.1050530000
0.1100740000
0.1071300000
0.1132430000
0.0990840000
0.1104410000
0.1115990000
0.1121580000
0.0950360000
0.1079310000
0.1059970000
0.1133480000
0.1086930000
0.1103720000
0.0997030000
0.1102180000
0.1071480000
0.1086710000
0.1109630000
0.1149710000
0.1049230000
0.1164350000
0.1053630000
0.1107830000
0.1111620000
0.1105810000
0.1116760000
0.1128290000
0.1093420000
0.1137060000
0.1068890000
0.1136220000
0.1036250000
0.1156650000
0.1135880000
0.1127150000
0.1151600000
0.1164630000
0.1067530000
0.1129040000
0.1088930000
0.1148160000
0.1100490000
0.1135420000
0.1058950000
0.1088220000
0.1080210000
0.1088420000
0.1085030000
0.1226480000
0.1101390000
0.1156390000
0.1053590000
0.1177950000
0.1112560000
0.1131440000
0.1144510000
0.1190780000
0.1108330000
0.1173060000
0.1099770000
0.1068260000
0.0995940000
0.1140170000
0.1107120000
0.1118340000
0.1099390000
0.1141080000
0.1067530000
0.0631840000
0.1088510000
0.1124430000
0.1047290000
0.1123790000
0.1089340000
0.1125450000
0.1055590000
0.1102250000
0.0876380000
0.1106100000
0.1021680000
0.1072120000
0.1068760000
0.1110440000
0.1074050000
0.1105750000
0.1067740000
0.1112370000
0.1111420000
0.1124150000
0.1041790000
0.1139030000
0.1094560000
0.1222990000
0.1128530000
0.1200540000
0.1132070000
0.1184330000
0.1129620000
0.1164610000
0.1080670000
0.1148730000
0.1139500000
0.1156340000
0.1098200000
0.1085850000
0.1128160000
0.0897240000
0.0697700000
0.0878420000
0.0871330000
0.1132290000
0.1140250000
0.1128540000
0.1061870000
0.1165650000
0.1086550000
0.0756120000
0.1047430000
0.1108230000
0.1078370000
0.1151690000
0.1096440000
0.1111780000
0.1040310000
0.1134090000
0.1088640000
0.1092110000
0.1066740000
0.1120250000
0.1084550000
0.1138790000
0.0987760000
0.1134320000
0.1097000000
0.1127450000
0.1139450000
0.1162110000
0.1084370000
0.1109510000
0.1078940000
0.1195650000
0.1067370000
0.1102190000
0.1231240000
0.1109410000
0.1162290000
0.1092430000
0.1100050000
0.1204960000
0.1061810000
0.1127830000
0.1102010000
0.1114040000
0.1128820000
0.1138700000
0.1171870000
0.1176590000
0.1280450000
0.1258930000
0.1107100000
0.1342790000
0.1116700000
0.1486930000
0.1318200000
0.1342290000
0.1318260000
0.1434730000
0.1117710000
0.1372550000
0.1279100000
0.1091310000
0.1232420000
0.1123330000
0.1026020000
0.1358860000
0.1029930000
0.1101090000
0.1090790000
0.1285180000
0.1127970000
0.1151380000
0.1052650000
0.1133020000
0.1036820000
0.1133800000
0.1063440000
0.1155090000
0.1070270000
0.1063060000
0.1084060000
0.1126260000
0.1040800000
0.1123230000
0.1086010000
0.1109860000
0.0979460000
0.1130420000
0.1084330000
0.1118530000
0.1047800000
0.1089760000
0.1070290000
0.1073030000
0.1054060000
0.1043590000
0.1006360000
0.1111190000
0.1058550000
0.1108480000
0.1112820000
0.1107420000
0.1052710000
0.1097020000
0.1037020000
0.1051100000
0.1116180000
0.1134470000
0.1095370000
0.1144870000
0.1079460000
0.1118630000
0.1002630000
0.1169150000
0.1084790000
0.1093920000
0.1068040000
0.1118520000
0.1107420000
0.1123740000
0.1110010000
0.1131830000
0.1047800000
0.1102730000
0.1103690000
0.1136650000
0.1062640000
0.1203670000
0.1053490000
0.1187440000
0.1076340000
0.1174600000
0.1088850000
0.1171240000
0.1076040000
0.1158770000
0.1031890000
0.1165530000
0.1122910000
0.1128590000
0.1106710000
0.1158170000
0.1052280000
0.1130720000
0.1078560000
0.1196820000
0.1084380000
0.1183600000
0.1072940000
0.1138200000
0.1095160000
0.1203860000
0.1098600000
0.1174460000
0.1097720000
0.1158690000
0.1150680000
0.1175080000
0.1045250000
0.1400670000
0.1199590000
0.1556650000
0.1254260000
0.1400870000
0.1066940000
0.1355520000
0.1045950000
0.1350270000
0.1159570000
0.1192430000
0.1086320000
0.1137280000
0.1035430000
0.1042410000
0.0749210000
0.0486820000
0.0852130000
0.0923160000
0.0868450000
0.0848920000
0.1129580000
0.0949100000
0.0830390000
0.0875280000
0.0920870000
0.0855030000
0.0527190000
0.0850400000
0.1120240000
0.1153360000
0.1075230000
0.1128040000
0.1078440000
0.1095340000
0.1079580000
0.1154890000
0.1111870000
0.1158690000
0.1036690000
0.1016970000
0.1122210000
0.1053370000
0.1002580000
0.1152170000
0.1144940000
0.1158170000
0.1093580000
0.1146900000
0.1077800000
0.1207020000
0.1125760000
0.1096120000
0.1008950000
0.1160120000
0.1024310000
0.1094420000
0.1071590000
0.1046960000
0.1146400000
0.1117700000
0.1070900000
0.1113060000
0.1048780000
0.1074250000
0.1062270000
0.1043900000
0.1036470000
0.1116780000
0.0948370000
0.1176840000
0.1059360000
0.1002950000
0.1062140000
0.0967550000
0.1067380000
0.1008700000
0.0529770000
0.0636640000
0.1117260000
0.1013450000
0.0994540000
0.0966490000
0.0436300000
0.0921480000
0.0525440000
0.0894310000
0.0907530000
0.0877720000
0.0898320000
0.0692120000
0.0827470000
0.0828160000
0.0868180000
0.0823470000
0.1173230000
0.1004110000
0.1105130000
0.1116390000
0.1126810000
0.1115940000
0.1206230000
0.1160610000
0.1189350000
0.1130070000
0.1105890000
0.1146500000
0.1163720000
0.1085220000
0.1173120000
0.1069080000
0.1140890000
0.1095460000
0.1181140000
0.0967290000
0.1097560000
0.1097260000
0.1099670000
0.1066140000
0.1107490000
0.1069160000
0.1179660000
0.1042170000
0.1109850000
0.1058650000
0.1081310000
0.1118730000
0.1126010000
0.1114620000
0.1162980000
0.1066570000
0.1129350000
0.1061280000
0.1129920000
0.1065880000
0.0880550000
0.0793360000
0.1099460000
0.1034030000
0.1132800000
0.1099320000
0.1109110000
0.1105390000
0.1166990000
0.1059430000
0.1195550000
0.1093850000
0.1196950000
0.1132580000
0.1207560000
0.1039880000
0.1170700000
0.1145330000
0.1135510000
0.1156040000
0.1245520000
0.1104670000
0.1215650000
0.1130310000
0.1157560000
0.1016030000
0.1114670000
0.1130420000
0.1189150000
0.1133470000
0.1169370000
0.0823040000
0.0956000000
0.0869430000
0.0904600000
0.0922960000
0.0817860000
0.1140160000
0.1140460000
0.1022450000
0.1046040000
0.0912660000
0.1120930000
0.1068570000
0.1118530000
0.1022660000
0.1118720000
0.1084660000
0.1130510000
0.1024860000
0.1123610000
0.1031790000
0.1087610000
0.1083010000
0.1134760000
0.1149560000
0.1144980000
0.1103530000
0.1129860000
0.1120420000
0.1106150000
0.1117470000
0.1158160000
0.1122000000
0.1135510000
0.1151690000
0.1121400000
0.1137570000
0.1182530000
0.1088550000
0.1192790000
0.1188760000
0.1206510000
0.1115690000
0.1220600000
0.1147140000
0.1183780000
0.1111780000
0.1201290000
0.1115410000
0.1163730000
0.0848390000
0.1155060000
0.1156110000
0.1234860000
0.1066750000
0.1135870000
0.1047230000
0.1172040000
0.1096100000
0.1099830000
0.1031900000
0.1115310000
0.1041330000
0.1161240000
0.1096720000
0.1072360000
0.1091730000
0.1074450000
0.0542610000
0.1101440000
0.1153310000
0.1084870000
0.1026000000
0.1048480000
0.0989980000
0.1094250000
0.1104520000
0.1104830000
0.1038380000
0.1159910000
0.0955700000
0.1146740000
0.1065650000
0.1111050000
0.1046410000
0.1200550000
0.1168140000
0.1048020000
0.1123710000
0.1164610000
0.1053070000
0.1168120000
0.1044140000
0.1153340000
0.1105150000
0.1145460000
0.1058520000
0.1142750000
0.1061280000
0.1134960000
0.1069530000
0.1142480000
0.1049750000
0.1137050000
0.1033390000
0.1116840000
0.1097810000
0.1114580000
0.1081430000
0.1137300000
0.1036840000
0.1138490000
0.1069790000
0.1136560000
0.1061640000
0.1111580000
0.1143330000
0.1070390000
0.1056890000
0.1136420000
0.1054910000
0.1136940000
0.1036820000
0.0987760000
0.0982230000
0.0975190000
0.0865300000
0.1120570000
0.1153680000
0.1119680000
0.1135820000
0.1032220000
0.1047970000
0.1069280000
0.1102440000
0.1062700000
0.1119550000
0.0928430000
0.0913830000
0.0837990000
0.1035370000
0.0804700000
0.0813940000
0.0969550000
0.0853440000
0.0728890000
0.0833840000
0.0845700000
0.0949180000
0.1018910000
0.1226200000
0.1064630000
0.1160070000
0.1116510000
0.1175480000
0.1202120000
0.1087830000
0.1037720000
0.1152820000
0.1414360000
0.1334910000
0.1117950000
0.1339050000
0.1024850000
0.1297670000
0.0942340000
0.1192200000
0.1109490000
0.1310090000
0.1147780000
0.1110050000
0.1241610000
0.1173000000
0.1141160000
0.1160490000
0.1148360000
0.1199690000
0.1124270000
0.1224330000
0.1188510000
0.1186710000
0.1174450000
0.1203050000
0.1117380000
0.1176030000
0.1176900000
0.1170300000
0.1100320000
0.1086080000
0.1118740000
0.1140040000
0.1000290000
0.1060560000
0.1044080000
0.1151310000
0.1101450000
0.1122800000
0.1085200000
0.1165250000
0.1103260000
0.1162650000
0.1068590000
0.1147570000
0.1095990000
0.1154370000
0.1037700000
0.1148910000
0.1094640000
0.1128900000
0.1086310000
0.1110540000
0.1142630000
0.1114390000
0.1070710000
0.1105600000
0.1092050000
