1.7171060000
1.7645070000
1.7166190000
1.6839360000
1.6962150000
1.6667240000
1.6773360000
1.7508410000
1.7630410000
1.6991670000
1.6959960000
1.6901800000
1.6704070000
1.6563190000
1.6651940000
1.7588100000
1.7212160000
1.7697660000
1.4061750000
1.6652900000
1.7269150000
1.7344080000
1.7044440000
1.7284220000
1.6841490000
1.6973470000
1.7499300000
1.7912220000
1.6500210000
1.6811980000
1.5924660000
1.6686490000
1.7063300000
1.5769040000
1.7339200000
1.7008240000
1.6409210000
1.7035480000
1.6813260000
1.7083490000
1.7335660000
1.6985170000
1.6713930000
1.7103920000
1.9619400000
1.6833960000
1.7944110000
1.6690970000
1.6325600000
1.6987290000
1.7447410000
1.7379090000
1.6205500000
1.7179110000
1.4569370000
1.6849840000
1.7195490000
1.6456820000
1.6261030000
1.6733600000
1.5874640000
1.3959240000
1.4308930000
1.5895360000
1.7408930000
1.5694980000
1.6637480000
1.7938790000
1.4968370000
1.6958340000
1.5307480000
1.6096300000
1.6717830000
1.7245740000
1.6717310000
1.3774790000
1.4167620000
1.6420480000
1.6702060000
1.6293250000
1.5626090000
1.6886430000
1.6581240000
1.6879060000
1.6312650000
1.6891440000
1.7461500000
1.6972020000
1.7127480000
1.7021570000
1.6716440000
1.4345120000
1.4879730000
1.8300480000
1.6792050000
1.8529070000
1.6518100000
1.6674230000
1.6532050000
1.7603160000
1.6504700000
1.6891460000
1.7389550000
1.7036010000
1.6923150000
1.4607510000
1.6944320000
1.7094250000
1.6938190000
1.7845390000
1.6976850000
1.7928600000
1.7392620000
1.5151990000
1.5983710000
1.7428620000
1.9620070000
1.7845310000
1.7008640000
1.6480500000
1.5565810000
1.5069770000
1.7668630000
1.7473530000
1.7064770000
1.7248120000
1.7462210000
1.7533000000
1.6828210000
1.6984450000
1.7127920000
1.6920670000
1.7847690000
1.7526060000
1.6797780000
2.2405710000
1.4850080000
1.6170580000
1.7082920000
1.6972320000
1.7054530000
1.7390790000
1.6461200000
1.6978160000
1.6606170000
1.7373670000
1.6860060000
1.7316450000
1.7894810000
1.7681190000
1.7973620000
1.7991470000
1.7371380000
1.7163780000
1.7453950000
1.7705380000
1.7202320000
1.4196930000
1.5861900000
1.5390310000
1.7055150000
1.7112980000
2.1380840000
1.7312000000
1.7525960000
1.7477970000
1.7632890000
1.7373470000
1.5667660000
1.7823910000
1.5501880000
1.3752320000
1.7205330000
1.7477820000
1.5310970000
1.4757220000
1.5391530000
1.6584500000
1.6832390000
1.7638570000
1.7332420000
1.6438520000
1.5961100000
1.6711950000
1.7569000000
1.6871900000
1.9273090000
1.7672860000
1.6545690000
1.6821100000
1.9402180000
1.7210850000
1.6838720000
1.7419920000
1.7207170000
1.7416280000
1.7875570000
1.7134580000
1.6855980000
1.8258140000
1.7338690000
1.7399170000
1.7623610000
1.7680340000
1.7628610000
1.7283840000
1.7339790000
1.7558610000
1.6933310000
1.6792300000
1.6881550000
1.7229300000
1.7487950000
1.8149490000
1.7785690000
1.8119350000
1.7703240000
1.7384230000
1.8432700000
1.7068230000
1.6938410000
1.7514540000
1.7257840000
1.7755570000
1.6689050000
1.4143160000
1.6321200000
1.7364180000
1.7757540000
1.8044260000
1.6969460000
1.7951300000
1.5823740000
1.5913370000
1.6790930000
1.7392280000
1.7299040000
1.7113190000
1.7455180000
1.7217780000
1.7566350000
1.7004780000
1.6863090000
1.7571830000
1.8362430000
1.7998590000
1.7094190000
1.7339650000
1.7512850000
1.6658400000
1.8063740000
1.7439910000
1.8323950000
1.7252230000
1.6816480000
1.7529670000
1.6979040000
1.6042230000
1.7372510000
1.7433790000
1.7339430000
1.8004430000
1.7290820000
1.6605550000
1.7769830000
1.7480170000
1.7491880000
1.7487300000
1.7609450000
1.8247440000
1.7262910000
1.6635130000
1.7144970000
1.7583780000
1.8716980000
1.8008760000
1.5808330000
1.6661120000
1.5437880000
1.7087080000
1.7696520000
1.6055900000
1.6930810000
1.6459100000
1.7426050000
1.7300810000
1.7175680000
1.7825000000
1.8190460000
1.7173510000
1.7440420000
1.7001230000
1.8041290000
1.7487710000
1.8014130000
1.8137200000
1.7550160000
1.7872090000
1.7543260000
1.7431500000
1.8108470000
1.8410570000
1.7995110000
1.6884420000
1.8057010000
1.7756700000
1.7851200000
1.7556050000
1.7830470000
1.7534930000
1.7449980000
1.7291260000
1.7793020000
1.6979050000
1.7255630000
1.6284030000
1.8475990000
1.7559320000
1.7308880000
1.7620120000
1.7783870000
2.0731920000
1.8189230000
1.8001450000
1.8022390000
1.7036430000
1.7790970000
1.7804710000
1.8310920000
1.7573910000
1.6614280000
1.9699010000
1.8006340000
1.7032610000
1.6474940000
1.5892290000
1.8772930000
1.7549470000
1.7482340000
1.7710140000
1.7590790000
1.7766270000
1.7601170000
1.7558940000
1.6046200000
1.5714910000
1.5935000000
1.6101150000
1.7615410000
1.6753700000
1.7068510000
1.5051880000
1.7813860000
1.7217020000
1.7536920000
1.7543360000
1.7948390000
1.7693150000
1.7891760000
1.8245150000
1.7978610000
1.7301020000
1.7338780000
1.7066080000
1.7855150000
1.8608710000
1.8169000000
1.7055000000
1.7670120000
1.3613140000
1.6877520000
1.6835490000
1.6831410000
1.8398860000
1.6656370000
1.6762350000
1.6519330000
1.7699920000
1.7722340000
1.7956730000
1.8644040000
1.6849990000
1.5004020000
1.8373690000
1.7800050000
1.6964080000
1.7639320000
1.7868970000
1.6085180000
1.7227760000
1.7239260000
1.8333470000
1.5401720000
1.5907610000
1.4831410000
1.5606030000
1.7265330000
1.6581270000
1.7497060000
1.7414340000
1.7899410000
1.7430050000
1.7099010000
1.7735360000
1.7792010000
1.6802660000
1.7814380000
1.7289910000
1.7473470000
1.8985240000
1.8059530000
1.7932910000
1.6680780000
1.6955310000
1.7432380000
1.7870130000
1.7250000000
1.7097740000
1.6364400000
1.7467230000
1.7762550000
1.7113930000
1.7103570000
1.7072910000
1.8282880000
1.7152760000
1.7955820000
1.7582450000
1.6577390000
1.7950270000
1.7341150000
1.7516560000
1.6365430000
1.8464940000
1.7543100000
1.7292150000
1.8527980000
1.6733720000
1.7029320000
1.7584760000
1.7524920000
1.8039450000
1.7808250000
1.7497490000
1.7294480000
1.6544390000
1.8242790000
1.8049500000
1.7600590000
1.8198000000
1.5174590000
1.6470950000
1.6479860000
1.6591800000
1.7726830000
1.7327840000
1.7993370000
1.7482170000
1.7372490000
1.7607040000
1.7630130000
1.7646200000
1.7532880000
1.7199060000
1.8202530000
1.8117250000
1.6681290000
1.6849020000
1.7867710000
1.7747940000
1.7581620000
1.5951870000
1.6059590000
1.7128870000
1.8148110000
1.7270570000
1.6944610000
1.4896250000
1.3165950000
1.5292200000
1.4964590000
1.3275100000
1.6832180000
1.7466030000
1.7799740000
1.7767690000
1.7772630000
1.8262880000
1.7440680000
1.7461970000
1.6351780000
1.7950650000
1.6553950000
1.7284520000
1.8040680000
1.6654280000
1.7190140000
1.7119120000
1.7250830000
1.7040890000
1.8585620000
1.7682060000
1.8120180000
1.6493070000
1.8608080000
1.6244660000
1.7414890000
1.7048760000
1.7211370000
1.7576570000
1.7903190000
1.7631280000
1.8385610000
1.7712290000
1.6326560000
1.7705840000
1.6293370000
1.7487130000
1.7703060000
1.7826540000
1.6574840000
1.7889840000
1.7675510000
1.7607870000
1.8369300000
1.6958140000
1.8349150000
1.8017370000
1.7402720000
1.7591990000
1.7776730000
1.7130740000
1.8073710000
1.6745490000
1.7593870000
1.8189960000
1.7658530000
1.7777390000
1.7530560000
1.5880300000
1.6136740000
1.7558470000
1.7270720000
1.7136530000
1.7879700000
1.6306860000
1.8016920000
1.7981690000
1.8487130000
1.7599460000
1.7079060000
1.7052140000
1.7906510000
1.7674530000
1.8451010000
1.8225470000
1.7366290000
1.7767310000
1.7820980000
1.7828370000
1.8250660000
1.7566110000
1.7028080000
1.7551110000
1.7373030000
1.7479290000
1.7534560000
1.7681280000
1.9690060000
1.7678560000
1.7489220000
1.7367020000
1.7472620000
1.7419250000
1.8487030000
1.7046090000
1.7637370000
1.7593300000
1.7618520000
1.6536180000
1.9365350000
1.7419280000
1.7089170000
1.8258860000
1.7318620000
1.8609820000
1.7380330000
1.7970000000
1.8262020000
1.6769760000
1.8142280000
1.7100490000
1.7478180000
1.7460230000
1.7483450000
1.8650320000
1.7061330000
1.8593020000
1.7248160000
1.7518810000
1.7434440000
1.8145030000
1.8785600000
1.8433520000
1.7474850000
1.7807160000
1.7685240000
1.7519610000
1.7785830000
1.7195820000
1.8206180000
1.8691970000
1.7311570000
1.7762260000
1.7241300000
1.7554650000
1.7451870000
1.7987550000
1.7849060000
1.7457110000
1.7369490000
1.9089900000
1.8112320000
1.7838080000
1.7777520000
1.8301690000
1.6969490000
1.6841490000
1.8086230000
1.7404070000
1.7509350000
1.7777710000
1.7238760000
1.8209890000
1.7396540000
1.7668130000
1.7497610000
1.7643270000
1.7676300000
1.7790830000
1.7717740000
1.7699660000
1.7515830000
1.7476030000
1.7717420000
1.8775590000
1.7890720000
1.7760340000
1.7294410000
1.7737970000
1.7635700000
1.8056470000
1.7924910000
1.7902820000
1.8226640000
1.8018650000
1.7860590000
1.7829990000
1.8127950000
1.7925130000
1.7341810000
1.7443310000
1.7639080000
1.6726470000
1.8735630000
1.8035750000
1.7568020000
1.7582960000
2.1074190000
1.7362500000
1.7556300000
1.7849250000
1.7974140000
1.7834770000
1.7965280000
1.6891530000
1.7358780000
1.5833670000
1.8317440000
1.8695840000
1.8024880000
1.7974080000
1.8086590000
1.7573970000
1.7880640000
1.8198140000
1.7215270000
1.5371520000
1.6083540000
1.8232080000
1.8073770000
1.7681040000
1.7139740000
1.8390100000
1.7156850000
1.7656780000
1.7919130000
1.7346400000
1.7839120000
1.7846570000
1.5059020000
1.7928670000
1.8283110000
1.8214250000
1.8298840000
1.6438730000
1.6004450000
1.6942440000
1.7409530000
1.7126790000
1.7591270000
1.7152820000
1.6152390000
1.6700170000
1.7726540000
1.7275810000
1.8253120000
1.8172190000
1.7052270000
1.7715540000
1.7713760000
1.7097580000
1.7014730000
1.8263680000
1.7247490000
1.7691120000
1.6970520000
1.7574900000
1.7488810000
1.5235570000
1.6026740000
1.7250760000
1.8187990000
1.8109460000
1.8602990000
1.7916560000
1.8192950000
1.8646850000
1.8434400000
1.7007900000
1.7983400000
1.7961410000
1.7877480000
1.7468720000
1.7465260000
1.6912120000
1.8325190000
1.8444320000
1.8079930000
1.7550090000
1.7187950000
1.7728720000
1.7377710000
1.7563280000
1.7675480000
1.7096700000
1.8062360000
1.7869970000
1.8193230000
1.8306080000
1.8152830000
1.7650030000
1.7542380000
1.7338310000
1.7152260000
1.8795520000
1.8137470000
1.8173820000
1.7636480000
1.7655150000
1.7319910000
1.7379840000
1.7581090000
1.7496820000
1.7166430000
1.7762930000
1.7891710000
1.7917620000
1.7571630000
1.7590270000
1.7421640000
1.7886720000
1.7936920000
1.8435840000
1.8033280000
1.7483420000
1.7641840000
1.8083760000
1.7032320000
1.7668290000
1.7790020000
1.7538730000
1.7290360000
1.7911790000
1.8399160000
1.7393750000
1.7340120000
1.7187860000
1.8225130000
1.8370980000
1.8121780000
1.8153860000
1.7763760000
1.7557850000
1.8424550000
1.7884850000
2.1177390000
1.7207350000
1.7472010000
1.7852550000
1.7304220000
1.9055880000
1.8331690000
1.8193230000
1.7445360000
1.7861380000
1.7404830000
1.7658780000
1.7840900000
1.8102140000
1.8172660000
1.8308240000
1.7913730000
1.7929080000
1.8365000000
1.8225670000
1.8546820000
1.7925170000
1.7580500000
1.8599280000
1.8309070000
1.8118600000
1.7734080000
1.8703660000
1.7307900000
1.8187580000
1.8634560000
1.7209490000
1.7707400000
1.7196050000
1.8315150000
1.7481000000
1.8404670000
1.7833950000
1.7543880000
1.8122890000
1.7742250000
1.7519500000
1.7780960000
1.8098630000
1.7686020000
1.7919020000
1.7575760000
1.7425940000
1.8249180000
1.7732560000
1.7319270000
1.8429160000
1.7640670000
1.7134820000
1.7015180000
1.7998510000
1.8035300000
1.7751070000
1.7492570000
1.7887810000
1.9474760000
1.8887890000
1.9890020000
1.7738510000
1.8329460000
1.7296860000
1.7035680000
1.8274620000
1.7741700000
1.7780890000
1.7544960000
1.6955100000
1.7548290000
1.7634700000
1.8798600000
1.7872110000
1.5169340000
1.6745750000
1.8741120000
1.7576760000
1.8173650000
1.8214450000
1.7434580000
1.8080990000
1.8530160000
1.8429200000
1.8307380000
1.7776860000
1.7529820000
1.7648720000
1.8498120000
1.7750250000
2.1202000000
1.8967200000
1.7486700000
1.7681600000
1.7074260000
1.8645750000
1.7860190000
1.7131490000
1.8467080000
1.7464590000
1.7522470000
1.7817890000
1.5806670000
1.7043630000
1.5559620000
1.7075320000
1.7039980000
1.6341940000
1.7010310000
1.8273030000
1.8336820000
1.7539490000
1.8504250000
1.7375890000
1.8098630000
1.7746780000
1.7692110000
1.8784410000
1.7845280000
1.7748880000
1.7684300000
1.8167670000
1.7641530000
1.7638340000
1.7425370000
1.7507700000
1.8763310000
2.0417260000
1.8983790000
1.7283910000
1.7951600000
1.5998380000
1.8092590000
1.7835820000
2.2691000000
1.7528860000
1.8975700000
1.8021380000
1.8708400000
1.7385520000
1.6399430000
1.7475490000
1.7503190000
1.7214540000
1.8006140000
2.0914600000
1.7978600000
1.7603920000
1.8422150000
1.6707100000
1.8518690000
1.7477480000
1.8377210000
1.8040880000
1.8390600000
1.7754800000
1.7073350000
1.8526600000
1.8288260000
1.7246030000
1.8237590000
1.7516200000
1.6428030000
1.8541640000
1.6698150000
1.7565700000
1.7884350000
1.8547630000
1.8000480000
1.7939490000
1.7180060000
1.7854510000
1.7959090000
1.8382570000
1.8126760000
1.7663660000
1.7626470000
1.8300480000
1.8313300000
1.8175030000
1.7574510000
1.8583250000
1.8450240000
1.8630720000
1.7990560000
1.7798030000
1.9505380000
1.8163910000
1.7442060000
1.7719000000
1.8453400000
1.7440830000
