0.0784760000
0.0793030000
0.0787330000
0.0715950000
0.0774650000
0.0748720000
0.0803040000
0.0778550000
0.0747280000
0.0807020000
0.0799010000
0.0802360000
0.0791040000
0.0777390000
0.0725390000
0.0763800000
0.0789420000
0.0763660000
0.0786720000
0.0791660000
0.0726460000
0.0844360000
0.0811550000
0.0753600000
0.0835940000
0.0813860000
0.0715280000
0.0784690000
0.0811650000
0.0725500000
0.0815930000
0.0849630000
0.0781530000
0.0792970000
0.0770460000
0.0730630000
0.0794370000
0.0841150000
0.0731230000
0.0795350000
0.0819880000
0.0745150000
0.0774970000
0.0808360000
0.0721420000
0.0844310000
0.0836910000
0.0759420000
0.0800740000
0.0774920000
0.0808880000
0.0775510000
0.0780910000
0.0762550000
0.0791130000
0.0824310000
0.0752310000
0.0588890000
0.0833950000
0.0772800000
0.0756640000
0.0811390000
0.0741340000
0.0777830000
0.0829060000
0.0811220000
0.0817040000
0.0797540000
0.0778170000
0.0846820000
0.0791660000
0.0776580000
0.0830810000
0.0813930000
0.0747360000
0.0811440000
0.0817400000
0.0764930000
0.0818730000
0.0792210000
0.0842920000
0.0835920000
0.0674880000
0.0774520000
0.0778580000
0.0798400000
0.0768970000
0.0805560000
0.0795210000
0.0785390000
0.0837730000
0.0759040000
0.0763710000
0.0808160000
0.0780880000
0.0734500000
0.0777260000
0.0791980000
0.0759480000
0.0801030000
0.0785160000
0.0742590000
0.0784700000
0.0828750000
0.0747590000
0.0766920000
0.0787000000
0.0961400000
0.0974000000
0.0772930000
0.0959870000
0.0900920000
0.0703520000
0.0908730000
0.0919670000
0.0793110000
0.1028630000
0.0660870000
0.0803030000
0.0788910000
0.0758150000
0.0784590000
0.0966640000
0.0667590000
0.0775780000
0.0802600000
0.0874680000
0.0797660000
0.0831150000
0.0725550000
0.0823450000
0.0827240000
0.0748780000
0.0781820000
0.0756840000
0.0795050000
0.0769170000
0.0753610000
0.0771570000
0.0803480000
0.0790600000
0.0776390000
0.0776940000
0.0749280000
0.0791910000
0.0835830000
0.0746150000
0.0823680000
0.0844860000
0.0722190000
0.0815380000
0.0776920000
0.0534030000
0.0714740000
0.0784790000
0.0772860000
0.0808940000
0.0773550000
0.0739390000
0.0813480000
0.0818550000
0.0661190000
0.0832060000
0.0787950000
0.0746500000
0.0779560000
0.0792360000
0.0728770000
0.0786940000
0.0832860000
0.0748470000
0.1130180000
0.0993520000
0.0720380000
0.0748260000
0.0738820000
0.0963140000
0.1027940000
0.0732530000
0.0797060000
0.0961690000
0.1021190000
0.0813170000
0.0755440000
0.0784340000
0.1095880000
0.1126440000
0.0794130000
0.0714230000
0.0796390000
0.0764300000
0.0808780000
0.0814270000
0.0738490000
0.0825890000
0.0788160000
0.0729840000
0.0806760000
0.0775970000
0.0797630000
