0.2736980000
0.2639760000
0.2656160000
0.2741140000
0.2572260000
0.2587630000
0.2723000000
0.2673190000
0.2667990000
0.2524670000
0.2731680000
0.2752950000
0.3301950000
0.3783690000
0.3778510000
0.3375470000
0.3897460000
0.3902310000
0.4326440000
0.4032280000
0.3458930000
0.3635850000
0.2770560000
0.2822620000
0.2767220000
0.2801760000
0.2734150000
0.2734170000
0.2827320000
0.2669420000
0.2651020000
0.2762590000
0.2654920000
0.2758780000
0.2601030000
0.2613190000
0.2668530000
0.2689090000
0.2716420000
0.2672820000
0.2575230000
0.2489950000
0.2678150000
0.2465130000
0.2575450000
0.2523710000
0.2625490000
0.2714770000
0.2443940000
0.2614580000
0.2619760000
0.2678560000
0.2806680000
0.2771300000
0.2753080000
0.2771690000
0.2738760000
0.2756010000
0.2829910000
0.2848140000
0.2777940000
0.2771170000
0.2835790000
0.2855350000
0.2841240000
0.2749550000
0.2862230000
0.2562040000
0.2858770000
0.2539090000
0.2564420000
0.2663470000
0.2606740000
0.2749320000
0.2542820000
0.2775520000
0.2538370000
0.2584740000
0.2543300000
0.2543160000
0.2701770000
0.2651970000
0.2755910000
0.2781640000
0.2639320000
0.2774680000
0.2697390000
0.2507540000
0.2857220000
0.2772470000
0.2714960000
0.2715480000
0.2731710000
0.2709030000
0.2696540000
0.2771380000
0.2678910000
0.2694530000
0.2801940000
0.2556180000
0.2706810000
0.2791690000
0.2750530000
0.2802240000
0.2888510000
0.2932140000
0.2786160000
0.2777600000
0.2669260000
0.2704510000
0.2681380000
0.2766150000
0.2743680000
0.2627830000
0.2702490000
0.2638010000
0.2659130000
0.2949100000
0.2683460000
0.2817760000
0.2842280000
0.2616310000
0.2651800000
0.2687470000
0.2765980000
0.2736030000
0.2767470000
0.2766970000
0.2736200000
0.2703300000
0.2715860000
0.2541320000
0.2738040000
0.2477020000
0.2543490000
0.2656550000
0.2620600000
0.2508860000
0.2650250000
0.2747130000
0.2619090000
0.2786400000
0.2655560000
0.2810260000
0.2835240000
0.2695100000
0.2780610000
0.2655650000
0.2883410000
0.2471820000
0.2784730000
0.2625490000
0.2676190000
0.2822020000
0.2719750000
0.2724440000
0.2859800000
0.2640070000
0.2664750000
0.2624930000
0.2572960000
0.2798760000
0.2628320000
0.2734940000
0.2622230000
0.2648910000
0.2803690000
0.2753280000
0.2517780000
0.2752770000
0.2720970000
0.2705350000
0.2718550000
0.2940120000
0.2750510000
0.2731500000
0.2710440000
0.2760080000
0.2740300000
0.2627850000
0.2767440000
0.2746650000
0.2719570000
0.2750310000
0.2638650000
0.2665820000
0.2555080000
0.2876080000
0.2718450000
0.2721500000
0.2761760000
0.2608260000
0.2809920000
0.2658160000
0.2682350000
0.2645920000
0.2654850000
0.2612120000
0.2873320000
0.2861730000
