0.3316550000
0.3174650000
0.3115010000
0.3161300000
0.3220900000
0.3066240000
0.3096170000
0.3036620000
0.3049250000
0.3128960000
0.3455050000
0.3128040000
0.3099790000
0.3074550000
0.2982760000
0.3173930000
0.2914360000
0.3132530000
0.3214750000
0.2978040000
0.2978760000
0.2851720000
0.2987650000
0.2892070000
0.2981350000
0.3044670000
0.3193000000
0.3278690000
0.3172940000
0.3232640000
0.3072520000
0.3284040000
0.3306080000
0.3019330000
0.3189540000
0.3194610000
0.3015010000
0.3123460000
0.3264660000
0.3318010000
0.2978380000
0.3139590000
0.3137110000
0.3177410000
0.3267150000
0.3179880000
0.4241350000
0.3049300000
0.3044880000
0.2983870000
0.2849170000
0.3041650000
0.2891180000
0.3150380000
0.3157180000
0.3033760000
0.3140180000
0.3034670000
0.3284910000
0.3198210000
0.2931470000
0.2936430000
0.3003910000
0.3024290000
0.3169800000
0.3111370000
0.2925130000
0.3084780000
0.2971790000
0.2922680000
0.3036140000
0.2985140000
0.3047410000
0.2843330000
0.3018920000
0.3048650000
0.3224800000
0.3037140000
0.3182810000
0.3286830000
0.3176280000
0.3209550000
0.3388580000
0.3308110000
0.3429700000
0.3273550000
0.3094290000
0.3283430000
0.3274960000
0.3244540000
0.3048930000
0.3317130000
0.3275660000
0.3129860000
0.3146450000
0.3399170000
0.3564050000
0.3170440000
0.3253120000
0.3234220000
