0.1602910000
0.1275370000
0.0991510000
0.1013280000
0.0971170000
0.0969550000
0.0990800000
0.0935240000
0.0970430000
0.0970860000
0.0946330000
0.0923480000
0.0976970000
0.0937830000
0.0976770000
0.0980690000
0.0967900000
0.0926580000
0.0934760000
0.0968550000
0.0969550000
0.0976240000
0.0972080000
0.0940520000
0.0937840000
0.0966790000
0.0934350000
0.0967600000
0.0912670000
0.0923080000
0.0942740000
0.0979000000
0.0973920000
0.1061730000
0.0959570000
0.0982600000
0.0979100000
0.0936760000
0.0983100000
0.0925890000
0.0980200000
0.0971880000
0.0917450000
0.0967220000
0.0995960000
0.0976860000
0.0898840000
0.0906140000
0.0932690000
0.0960600000
0.1029940000
0.0950690000
0.0983390000
0.0996800000
0.0895860000
0.1012020000
0.0941940000
0.0962970000
0.0944790000
0.1016740000
0.0924440000
0.1018030000
0.0974310000
0.0932290000
0.0940860000
0.1009910000
0.0972150000
0.0940130000
0.0982930000
0.0936930000
0.0929970000
0.0970920000
0.1033390000
0.1079440000
0.1004580000
0.1021720000
0.1015430000
0.1020470000
0.1042400000
0.1040440000
0.1042520000
0.1014050000
0.0973400000
0.1052390000
0.1003910000
0.1015050000
0.1032850000
0.1021420000
0.1040680000
0.1041430000
0.0998050000
0.1023490000
0.0981110000
0.0986380000
0.0984580000
0.0936690000
0.0999650000
0.1011040000
0.0954090000
0.1006660000
