0.0877910000
0.0909900000
0.0905440000
0.0873630000
0.0964370000
0.0940300000
0.0809550000
0.0785330000
0.0804010000
0.0853930000
0.0803050000
0.0954100000
0.0861330000
0.0837930000
0.1038290000
0.0995000000
0.0861950000
0.0838500000
0.0982080000
0.0871360000
0.0929530000
0.0853300000
0.0888020000
0.1069020000
0.0826580000
0.0875900000
0.0781030000
0.0897820000
0.0942640000
0.0870030000
0.1005210000
0.0957140000
0.0947290000
0.0891830000
0.0786210000
0.0795670000
0.0970360000
0.1000710000
0.0959890000
0.0846470000
0.1031470000
0.0890840000
0.0834270000
0.0927780000
0.0912960000
0.0829620000
0.0852960000
0.0913760000
0.0837220000
0.0862630000
0.0828640000
0.0939970000
0.0884280000
0.0796160000
0.0836730000
0.0829260000
0.0864630000
0.0842620000
0.0986470000
0.0947020000
0.0846600000
0.1030910000
0.0880720000
0.0839800000
0.0904450000
0.0757900000
0.0921400000
0.1057700000
0.0788630000
0.0908520000
0.1067960000
0.1002160000
0.1083790000
0.0999090000
0.0947120000
0.1002260000
0.0916960000
0.1016920000
0.0946740000
0.0918430000
0.0832360000
0.0864080000
0.0843430000
0.0864210000
0.0820410000
0.0895300000
0.0976370000
0.1044090000
0.0971530000
0.0881140000
0.0928760000
0.0882380000
0.1034190000
0.1022300000
0.0988880000
0.1046280000
0.0887480000
0.1014950000
0.1004250000
0.1019890000
0.0690030000
0.1069410000
0.0953510000
0.0945170000
0.1007370000
0.0912360000
0.0981350000
0.1009320000
0.0951680000
0.0916070000
0.1122950000
0.1361080000
0.1244160000
0.0927500000
0.0980210000
0.1034720000
0.1091190000
0.1060810000
0.1242580000
0.1041190000
0.0906800000
0.0953080000
0.0897780000
0.1019450000
0.1039110000
0.1010750000
0.1171030000
0.1013720000
0.1066830000
0.0916040000
0.0974690000
0.1153790000
0.1002140000
0.0912190000
0.0885920000
0.0992640000
0.0937570000
0.0833730000
0.0768680000
0.0787970000
0.0935300000
0.0910420000
0.0955940000
0.0796180000
0.0935810000
0.0812560000
0.0857890000
0.0868330000
0.0925140000
0.0760700000
0.0894340000
0.1026160000
0.0987100000
0.0910990000
0.1035320000
0.1051080000
0.0955690000
0.0993610000
0.1042430000
0.0986620000
0.0864040000
0.1059250000
0.0902380000
0.0836040000
0.0920160000
0.0951680000
0.1250020000
0.1011460000
0.1024720000
0.1302040000
0.0955380000
0.0845070000
0.1214290000
0.1260180000
0.1134210000
0.0994470000
0.0988400000
0.0943780000
0.0986200000
0.0937220000
0.1095780000
0.0976940000
0.0984440000
0.0970820000
0.0949250000
0.0933200000
0.0958600000
0.1150440000
0.0951250000
0.1068600000
0.1033640000
0.0968740000
0.0950770000
0.0853440000
0.0906960000
0.0961880000
0.0842950000
0.0931360000
0.0915800000
0.0947040000
