0.2271960000 
0.2381520000 
0.2423650000 
0.2391280000 
0.2438560000 
0.2317470000 
0.2545390000 
0.2502520000 
0.2415130000 
0.2383570000 
0.2456450000 
0.2360060000 
0.2474990000 
0.2442250000 
0.2529280000 
0.2455730000 
0.2463120000 
0.2383840000 
0.2459840000 
0.2405340000 
0.2430940000 
0.2456970000 
0.2361980000 
0.2353850000 
0.2517920000 
0.2430270000 
0.2474630000 
0.2482050000 
0.2499670000 
0.2418300000 
0.2737990000 
0.2788560000 
0.2809020000 
0.2821120000 
0.2719380000 
0.2714910000 
0.2761830000 
0.2831030000 
0.2948000000 
0.2808670000 
0.2786540000 
0.2905890000 
0.2848010000 
0.2821920000 
0.2801820000 
0.2809130000 
0.2832380000 
0.2884300000 
0.2914670000 
0.2877760000 
0.2939400000 
0.2931560000 
0.3120670000 
0.3034160000 
0.2993040000 
0.2953330000 
0.3087530000 
0.3031790000 
0.3014980000 
0.2936160000 
0.2370580000 
0.2179670000 
0.2188320000 
0.2197500000 
0.2864100000 
0.2141960000 
0.2153070000 
0.2072850000 
0.2016050000 
0.1932540000 
0.1849670000 
0.1827830000 
0.1781610000 
0.1775820000 
0.1734300000 
0.2367780000 
0.1788080000 
0.1733320000 
0.1718870000 
0.1679130000 
0.1747990000 
0.1726470000 
0.1736730000 
0.1701700000 
0.1732680000 
0.1685170000 
0.1699560000 
0.1679610000 
0.1708840000 
0.1744170000 
0.1980690000 
0.1930360000 
0.2003580000 
0.1961310000 
0.1950270000 
0.2015020000 
0.1955940000 
0.1952350000 
0.1972250000 
0.2005400000 
0.1989170000 
0.1999450000 
0.1958230000 
0.1981910000 
0.2008650000 
0.1997340000 
0.1918140000 
0.1918990000 
0.1925390000 
0.1985290000 
0.2018530000 
0.1969120000 
0.1959980000 
0.1930830000 
0.1997900000 
0.1976450000 
0.1962130000 
0.1934740000 
0.1920130000 
0.1947060000 
0.2006640000 
0.1893050000 
0.1995390000 
0.1982970000 
0.1977430000 
0.1901590000 
0.2026700000 
0.1988750000 
0.1943290000 
0.1937940000 
0.1953730000 
0.1957270000 
0.2010540000 
0.1963620000 
0.2022110000 
0.1979600000 
0.1899950000 
0.2030460000 
0.1932240000 
0.1946420000 
0.1919570000 
0.1989320000 
0.1923800000 
0.2004060000 
0.1973260000 
0.2069940000 
0.1893140000 
0.1967210000 
0.1982150000 
0.2005170000 
0.1975590000 
0.1898800000 
0.2008200000 
0.1977050000 
0.1928930000 
0.1979210000 
0.1941890000 
0.1987860000 
0.1977990000 
0.2012960000 
0.1928090000 
0.1898270000 
0.1976280000 
0.1899790000 
0.2055550000 
0.1938850000 
0.1908160000 
0.1914200000 
0.1934830000 
0.1896590000 
0.1991540000 
0.2008610000 
0.1912100000 
0.1903570000 
0.1983680000 
0.1986450000 
0.1908760000 
0.1915970000 
0.1924570000 
0.2035300000 
0.1917280000 
0.1944540000 
0.1948700000 
0.1946830000 
0.1940380000 
0.1910970000 
0.1896800000 
0.1951650000 
0.2015270000 
0.1993950000 
0.2006660000 
0.1954490000 
0.2019520000 
0.2004270000 
0.2024700000 
0.2121200000 
0.1957260000 
0.1923830000 
0.1944040000 
0.2002680000 
0.2021910000 
0.1973970000 
0.1975410000 
0.1937650000 
0.2076420000 
0.1955370000 
0.1943680000 
0.1940370000 
0.1884930000 
0.1987050000 
